0.0961417, 0.181124, 0.357915, 0.535671, 0.693172, 0.823648, 0.921961, 0.98427, 1.00814, 0.992646, 0.938385, 0.847478, 0.723477, 0.571223, 0.396661, 0.20661, 0.00849009, -0.189961, -0.380994, -0.557149, -0.711546, -0.838157, -0.932036, -0.989518, -1.00836, -0.987821, -0.928707, -0.833327, -0.705404, -0.549933, -0.372988, -0.181476, 0.0171221, 0.215052, 0.404583, 0.578315, 0.729464, 0.852125, 0.94151, 0.994128, 1.00792, 0.982358, 0.918431, 0.818638, 0.686875, 0.52829, 0.349073, 0.156226, -0.0427232, -0.240004, -0.427911, -0.599109, -0.74691, -0.865544, -0.950377, -0.998096, -1.00684, -0.976262, -0.907562, -0.80342, -0.667904, -0.506305, -0.324934, -0.130874, 0.0682968, 0.2648, 0.450963, 0.619516, 0.763875, 0.878404, 0.95863, 1.00142, 1.0051, 0.969537, 0.896108, 0.787685, 0.648502, 0.483994, 0.300585, 0.105438, -0.0938263, -0.289427, -0.473724, -0.639523, -0.780347, -0.890697, -0.966265, -1.0041, -1.00272, -0.962185, -0.884075, -0.771441, -0.628681, -0.46137, -0.276042, -0.0799336, 0.119256, 0.314142, 0.48297, 0.699198, 0.18778
0.0261321, 0.141643, 0.31446, 0.489829, 0.646497, 0.777964, 0.879051, 0.94581, 0.975634, 0.967358, 0.921305, 0.839274, 0.724469, 0.581372, 0.415571, 0.233542, 0.042393, -0.150412, -0.337343, -0.5111, -0.664898, -0.792731, -0.889607, -0.951742, -0.976711, -0.963537, -0.912737, -0.826293, -0.70758, -0.561236, -0.392975, -0.209368, -0.0175847, 0.174885, 0.360526, 0.532088, 0.68287, 0.806986, 0.899588, 0.95706, 0.977157, 0.959095, 0.903579, 0.812778, 0.690236, 0.540739, 0.370126, 0.185059, -0.007235, -0.199246, -0.383477, -0.552732, -0.700402, -0.820721, -0.908989, -0.96176, -0.976974, -0.954035, -0.893839, -0.798738, -0.672446, -0.519893, -0.347038, -0.16063, 0.03205, 0.223479, 0.40618, 0.57302, 0.717482, 0.833926, 0.917804, 0.96584, 0.976159, 0.948358, 0.883522, 0.784184, 0.654222, 0.498711, 0.323726, 0.136098, -0.0568443, -0.247567, -0.428622, -0.592938, -0.734099, -0.846593, -0.926027, -0.969297, -0.974716, -0.94207, -0.872635, -0.769123, -0.635576, -0.477208, -0.300205, -0.111477, 0.0815617, 0.271847, 0.437247, 0.665653, 0.18778
0.0211951, 0.135565, 0.298371, 0.463263, 0.610422, 0.733783, 0.82849, 0.890843, 0.918408, 0.910108, 0.866266, 0.788596, 0.68013, 0.545104, 0.388791, 0.217296, 0.0373142, -0.144124, -0.319935, -0.483251, -0.627696, -0.747629, -0.838365, -0.896363, -0.919356, -0.906447, -0.85814, -0.776322, -0.664187, -0.526115, -0.367497, -0.194528, -0.0139627, 0.167148, 0.341731, 0.50297, 0.644566, 0.760992, 0.8477, 0.901304, 0.919711, 0.902201, 0.84946, 0.763546, 0.647815, 0.506786, 0.345966, 0.171635, -0.00939785, -0.190064, -0.363308, -0.522364, -0.661021, -0.773864, -0.856487, -0.905663, -0.919472, -0.897374, -0.840232, -0.750278, -0.631025, -0.48713, -0.324211, -0.148631, 0.0327523, 0.212857, 0.384649, 0.541421, 0.677049, 0.786237, 0.864722, 0.909438, 0.91864, 0.891967, 0.830462, 0.736526, 0.613828, 0.467159, 0.302247, 0.125532, -0.0560856, -0.235513, -0.405743, -0.560128, -0.69264, -0.798103, -0.872399, -0.912627, -0.917215, -0.885985, -0.820156, -0.722299, -0.596235, -0.446888, -0.280088, -0.102351, 0.0793448, 0.258348, 0.413792, 0.628727, 0.18778
0.0186739, 0.121593, 0.267837, 0.415964, 0.548166, 0.658999, 0.744098, 0.800138, 0.824933, 0.817512, 0.778166, 0.708432, 0.611033, 0.489772, 0.349385, 0.195354, 0.0336942, -0.129282, -0.287209, -0.43392, -0.563686, -0.671439, -0.752972, -0.8051, -0.825788, -0.814228, -0.770871, -0.697411, -0.596716, -0.472718, -0.33026, -0.174905, -0.0127193, 0.149963, 0.306789, 0.451634, 0.578842, 0.683446, 0.761361, 0.809543, 0.826111, 0.810419, 0.763079, 0.685939, 0.582013, 0.455358, 0.310921, 0.154342, -0.0082638, -0.170547, -0.326171, -0.469057, -0.593626, -0.695012, -0.769258, -0.813463, -0.825902, -0.806087, -0.754794, -0.674026, -0.566935, -0.437705, -0.291382, -0.133681, 0.0292416, 0.191022, 0.345342, 0.486177, 0.608026, 0.70613, 0.776659, 0.816859, 0.825159, 0.801235, 0.746023, 0.661677, 0.551491, 0.41977, 0.271655, 0.112932, -0.0502005, -0.211373, -0.364291, -0.502983, -0.622033, -0.716792, -0.783559, -0.819727, -0.823884, -0.795867, -0.73677, -0.648901, -0.535692, -0.401563, -0.251753, -0.092111, 0.0710929, 0.231886, 0.371521, 0.564643, 0.18778
0.0158226, 0.103085, 0.227059, 0.352628, 0.464698, 0.558652, 0.630791, 0.678296, 0.699313, 0.693021, 0.659665, 0.600549, 0.51798, 0.415184, 0.296174, 0.165598, 0.028555, -0.109603, -0.243481, -0.36785, -0.477854, -0.569198, -0.638314, -0.682502, -0.700038, -0.690237, -0.653481, -0.591205, -0.505843, -0.400726, -0.279961, -0.148262, -0.0107741, 0.127135, 0.260079, 0.382867, 0.490703, 0.579376, 0.645425, 0.686268, 0.700312, 0.687008, 0.646875, 0.581481, 0.493379, 0.38601, 0.263567, 0.130831, -0.00701372, -0.144585, -0.276509, -0.397636, -0.503235, -0.589181, -0.652119, -0.689591, -0.700134, -0.683335, -0.639851, -0.571381, -0.480597, -0.371045, -0.247003, -0.113316, 0.024797, 0.161941, 0.292762, 0.412149, 0.515442, 0.598605, 0.658393, 0.692469, 0.699504, 0.679222, 0.632415, 0.560912, 0.467505, 0.35584, 0.23028, 0.095727, -0.0425643, -0.179193, -0.308825, -0.426396, -0.527316, -0.607644, -0.664242, -0.694901, -0.698423, -0.67467, -0.624571, -0.550082, -0.454111, -0.340406, -0.213408, -0.0780761, 0.0602753, 0.196583, 0.314953, 0.478667, 0.18778
0.0123638, 0.080543, 0.177406, 0.275515, 0.363077, 0.436484, 0.492847, 0.529963, 0.546383, 0.541467, 0.515405, 0.469216, 0.404704, 0.324388, 0.231403, 0.129382, 0.0223088, -0.0856359, -0.190236, -0.287408, -0.373356, -0.444724, -0.498724, -0.533249, -0.54695, -0.539292, -0.510573, -0.461916, -0.395221, -0.313092, -0.218736, -0.115838, -0.0084163, 0.0993339, 0.203205, 0.299141, 0.383394, 0.452676, 0.50428, 0.536191, 0.547164, 0.536769, 0.505412, 0.454318, 0.385483, 0.301594, 0.205927, 0.102219, -0.00548158, -0.112968, -0.216042, -0.31068, -0.393186, -0.460336, -0.509511, -0.538788, -0.547025, -0.533899, -0.499924, -0.446427, -0.375496, -0.289901, -0.192986, -0.0885335, 0.0193759, 0.126529, 0.22874, 0.322019, 0.402723, 0.4677, 0.514412, 0.541037, 0.546532, 0.530685, 0.494114, 0.438248, 0.365267, 0.278022, 0.17992, 0.0747912, -0.0332578, -0.140008, -0.241291, -0.333151, -0.412001, -0.474762, -0.518982, -0.542936, -0.545688, -0.527129, -0.487986, -0.429786, -0.354802, -0.265963, -0.166737, -0.0610003, 0.0470956, 0.153594, 0.246079, 0.373991, 0.18778
0.00842285, 0.0548566, 0.120826, 0.187643, 0.247277, 0.297271, 0.335656, 0.360934, 0.372117, 0.368768, 0.351018, 0.319561, 0.275624, 0.220924, 0.157596, 0.0881139, 0.015191, -0.0583252, -0.129564, -0.195743, -0.254277, -0.302882, -0.339659, -0.363172, -0.372503, -0.367286, -0.347727, -0.314589, -0.269165, -0.21323, -0.148969, -0.0788894, -0.00572948, 0.0676542, 0.138396, 0.203733, 0.261114, 0.308298, 0.343443, 0.365176, 0.372648, 0.365568, 0.344212, 0.309414, 0.262533, 0.2054, 0.140245, 0.069614, -0.00373574, -0.0769396, -0.147139, -0.211592, -0.267782, -0.313515, -0.347005, -0.366944, -0.372553, -0.363614, -0.340475, -0.30404, -0.255731, -0.197436, -0.131431, -0.0602936, 0.0131985, 0.0861753, 0.155787, 0.219315, 0.274278, 0.31853, 0.350344, 0.368476, 0.372218, 0.361425, 0.336518, 0.298469, 0.248765, 0.189346, 0.122533, 0.0509344, -0.0226528, -0.0953555, -0.164334, -0.226896, -0.280597, -0.32334, -0.353456, -0.369769, -0.371643, -0.359003, -0.332344, -0.292706, -0.241638, -0.181133, -0.113555, -0.0415421, 0.0320771, 0.104608, 0.167595, 0.25471, 0.18778
0.004153, 0.027028, 0.0595266, 0.092443, 0.12182, 0.146449, 0.165358, 0.17781, 0.183319, 0.181668, 0.172923, 0.157426, 0.13578, 0.108832, 0.0776343, 0.0434046, 0.00748001, -0.0287367, -0.0638313, -0.0964331, -0.125269, -0.149213, -0.16733, -0.178913, -0.183509, -0.180938, -0.171302, -0.154976, -0.132598, -0.105042, -0.0733841, -0.0388603, -0.00281891, 0.0333325, 0.0681823, 0.100369, 0.128637, 0.151881, 0.169194, 0.1799, 0.18358, 0.180092, 0.16957, 0.152427, 0.129331, 0.101184, 0.0690866, 0.0342908, -0.001844, -0.0379068, -0.0724894, -0.104241, -0.131922, -0.154451, -0.170949, -0.180771, -0.183533, -0.179129, -0.167729, -0.149779, -0.12598, -0.0972614, -0.0647445, -0.0296993, 0.00650573, 0.0424567, 0.0767497, 0.108045, 0.135122, 0.156922, 0.172593, 0.181525, 0.183368, 0.17805, 0.16578, 0.147035, 0.122548, 0.0932756, 0.0603607, 0.0250886, -0.0111633, -0.0469791, -0.0809604, -0.11178, -0.138235, -0.159291, -0.174127, -0.182163, -0.183085, -0.176857, -0.163723, -0.144195, -0.119037, -0.0892296, -0.0559379, -0.0204615, 0.015806, 0.0515375, 0.0825669, 0.125482, 0.18778
-0.000279018, -0.00185612, -0.00409699, -0.00636697, -0.00839322, -0.0100923, -0.0113972, -0.0122571, -0.0126383, -0.0125259, -0.0119244, -0.0108573, -0.00936614, -0.00750923, -0.00535908, -0.00299965, -0.000523081, 0.00197392, 0.00439383, 0.00664216, 0.0086311, 0.010283, 0.0115333, 0.0123332, 0.0126515, 0.0124758, 0.0118128, 0.0106886, 0.00914691, 0.00724805, 0.00506614, 0.00268639, 0.000201733, -0.0022908, -0.00469388, -0.00691365, -0.00886344, -0.0104671, -0.011662, -0.0124015, -0.0126567, -0.0124176, -0.0116936, -0.010513, -0.00892178, -0.00698219, -0.00476993, -0.00237139, 0.000119745, 0.00260621, 0.00499089, 0.00718068, 0.00909005, 0.0106444, 0.0117832, 0.0124617, 0.0126536, 0.0123514, 0.0115668, 0.0103306, 0.0086909, 0.00671182, 0.00447063, 0.00205487, -0.000441145, -0.00291993, -0.00528469, -0.00744307, -0.00931079, -0.0108149, -0.0118967, -0.0125139, -0.0126424, -0.0122772, -0.0114326, -0.0101415, -0.0084544, -0.00643712, -0.00416846, -0.00173702, 0.000762261, 0.00323177, 0.00557508, 0.00770067, 0.00952554, 0.0109784, 0.0120026, 0.012558, 0.0126231, 0.0121952, 0.011291, 0.00994593, 0.00821246, 0.00615827, 0.0038636, 0.00141804, -0.00108236, -0.00354609, -0.00568586, -0.00864543, 0.18778
-0.00470014, -0.0306678, -0.0675606, -0.104928, -0.138279, -0.166239, -0.187708, -0.201846, -0.208102, -0.206231, -0.196307, -0.178716, -0.154147, -0.123557, -0.0881432, -0.0492868, -0.00850574, 0.0326075, 0.0724473, 0.109458, 0.142194, 0.169378, 0.189946, 0.203098, 0.208318, 0.205403, 0.194466, 0.175936, 0.150535, 0.119255, 0.0833185, 0.0441282, 0.0032145, -0.0378247, -0.0773868, -0.113927, -0.146018, -0.172407, -0.192063, -0.204219, -0.208399, -0.204442, -0.192501, -0.173042, -0.146826, -0.114876, -0.0784402, -0.038941, 0.00207882, 0.0430175, 0.0822763, 0.118322, 0.149747, 0.175324, 0.194055, 0.205208, 0.208347, 0.203349, 0.190411, 0.170037, 0.143022, 0.110423, 0.0735112, 0.0337288, -0.00737079, -0.0481825, -0.0871127, -0.122641, -0.15338, -0.178129, -0.195922, -0.206064, -0.208159, -0.202125, -0.188198, -0.166922, -0.139127, -0.105898, -0.0685348, -0.0284948, 0.012658, 0.0533165, 0.0918929, 0.126881, 0.156914, 0.180819, 0.197663, 0.206788, 0.207838, 0.200771, 0.185864, 0.163699, 0.135141, 0.101306, 0.0635142, 0.0232422, -0.0179285, -0.0584912, -0.0937166, -0.142436, 0.18778
-0.00893772, -0.0582818, -0.128386, -0.199392, -0.262765, -0.315894, -0.356688, -0.383552, -0.395439, -0.391882, -0.373023, -0.339596, -0.292907, -0.23478, -0.167485, -0.0936492, -0.0161562, 0.0619677, 0.137672, 0.207999, 0.270205, 0.321858, 0.360942, 0.385931, 0.395849, 0.390308, 0.369526, 0.334313, 0.286044, 0.226605, 0.158317, 0.0838467, 0.00610174, -0.0718815, -0.147058, -0.216491, -0.27747, -0.327613, -0.364963, -0.388061, -0.396004, -0.388483, -0.36579, -0.328814, -0.278996, -0.218284, -0.149047, -0.07399, 0.00395671, 0.0817489, 0.156349, 0.224843, 0.284556, 0.333158, 0.368749, 0.38994, 0.395903, 0.386406, 0.361819, 0.323103, 0.271769, 0.209822, 0.139681, 0.0640855, -0.0140126, -0.0915635, -0.165539, -0.23305, -0.291459, -0.338487, -0.372297, -0.391568, -0.395547, -0.38408, -0.357615, -0.317183, -0.264366, -0.201224, -0.130225, -0.0541398, 0.0240595, 0.101319, 0.174622, 0.241106, 0.298174, 0.343598, 0.375605, 0.392943, 0.394936, 0.381507, 0.353179, 0.311059, 0.256792, 0.192497, 0.120684, 0.0441588, -0.0340744, -0.111152, -0.178088, -0.270663, 0.18778
-0.0128263, -0.0836198, -0.184197, -0.286069, -0.37699, -0.453213, -0.511739, -0.550281, -0.567333, -0.56223, -0.535172, -0.487214, -0.42023, -0.336835, -0.240287, -0.134355, -0.0231758, 0.088908, 0.19752, 0.298418, 0.387663, 0.461769, 0.517842, 0.553693, 0.567922, 0.559972, 0.530155, 0.479634, 0.410383, 0.325106, 0.227133, 0.120291, 0.00875069, -0.103131, -0.210986, -0.310601, -0.398087, -0.470027, -0.523611, -0.556749, -0.568144, -0.557352, -0.524796, -0.471745, -0.400272, -0.313168, -0.213834, -0.106149, 0.00568008, 0.117288, 0.224315, 0.322583, 0.408253, 0.477981, 0.529043, 0.559445, 0.568, 0.554373, 0.519098, 0.463551, 0.389902, 0.301027, 0.200396, 0.0919397, -0.0201072, -0.131369, -0.2375, -0.334357, -0.418157, -0.485627, -0.534133, -0.56178, -0.567489, -0.551037, -0.513066, -0.455059, -0.379281, -0.288692, -0.186829, -0.0776705, 0.0345213, 0.145365, 0.250532, 0.345916, 0.427791, 0.49296, 0.538878, 0.563753, 0.566612, 0.547344, 0.506702, 0.446272, 0.368415, 0.276171, 0.173142, 0.0633509, -0.0488897, -0.159472, -0.255504, -0.388322, 0.18778
-0.0162139, -0.105692, -0.232816, -0.361575, -0.476492, -0.572834, -0.646806, -0.69552, -0.717072, -0.710622, -0.676421, -0.615805, -0.531142, -0.425736, -0.303705, -0.169813, -0.0292904, 0.112376, 0.249654, 0.377183, 0.489983, 0.583647, 0.65452, 0.699833, 0.717816, 0.707768, 0.67008, 0.606225, 0.518696, 0.410911, 0.28708, 0.152037, 0.0110579, -0.130353, -0.266674, -0.392581, -0.503157, -0.594085, -0.661812, -0.703695, -0.718097, -0.704457, -0.663307, -0.596254, -0.505916, -0.395822, -0.27027, -0.134164, 0.00718165, 0.148247, 0.283522, 0.407726, 0.516008, 0.604138, 0.668677, 0.707102, 0.717915, 0.700691, 0.656105, 0.585897, 0.492809, 0.380477, 0.253286, 0.116203, -0.0254166, -0.166044, -0.300187, -0.422608, -0.528525, -0.613802, -0.67511, -0.710054, -0.717269, -0.696474, -0.648481, -0.575163, -0.479385, -0.364886, -0.236138, -0.0981682, 0.0436351, 0.183734, 0.316659, 0.437217, 0.540701, 0.62307, 0.681108, 0.712547, 0.716161, 0.691807, 0.640437, 0.564058, 0.465651, 0.34906, 0.218838, 0.0800691, -0.0617959, -0.201565, -0.322943, -0.490815, 0.18778
-0.0189684, -0.123638, -0.272343, -0.422961, -0.557387, -0.670084, -0.756614, -0.813598, -0.838809, -0.831263, -0.791256, -0.720349, -0.621312, -0.498011, -0.355262, -0.19864, -0.0342611, 0.131456, 0.29204, 0.441219, 0.573168, 0.682734, 0.765638, 0.818643, 0.839679, 0.827924, 0.783838, 0.709142, 0.606753, 0.48067, 0.335815, 0.177847, 0.0129333, -0.152485, -0.311949, -0.459231, -0.588579, -0.694943, -0.774168, -0.82316, -0.840008, -0.824051, -0.775915, -0.697478, -0.591803, -0.463018, -0.316152, -0.156939, 0.00840275, 0.173416, 0.331657, 0.476947, 0.603611, 0.706703, 0.782198, 0.827147, 0.839794, 0.819647, 0.767491, 0.685363, 0.576472, 0.445068, 0.296284, 0.135929, -0.0297334, -0.194235, -0.351151, -0.494355, -0.618253, -0.718008, -0.789723, -0.830599, -0.839039, -0.814713, -0.758572, -0.672807, -0.560768, -0.426831, -0.276225, -0.114832, 0.0510449, 0.214929, 0.370419, 0.511444, 0.632497, 0.728849, 0.79674, 0.833516, 0.837742, 0.809254, 0.749163, 0.659816, 0.544703, 0.408318, 0.255988, 0.0936604, -0.0722888, -0.235786, -0.37777, -0.574142, 0.18778
-0.0209822, -0.136754, -0.301234, -0.467829, -0.616515, -0.741167, -0.836876, -0.899904, -0.927789, -0.919443, -0.875191, -0.796762, -0.687219, -0.550838, -0.392947, -0.21971, -0.0378938, 0.145402, 0.323021, 0.488024, 0.63397, 0.755158, 0.846857, 0.905484, 0.928751, 0.91575, 0.866986, 0.784366, 0.671116, 0.531657, 0.371437, 0.196711, 0.0143037, -0.168662, -0.345042, -0.507947, -0.651016, -0.768662, -0.856291, -0.910481, -0.929115, -0.911466, -0.858222, -0.771465, -0.65458, -0.512133, -0.349687, -0.173585, 0.00929572, 0.191813, 0.366841, 0.527542, 0.667642, 0.78167, 0.865173, 0.91489, 0.928879, 0.906594, 0.848905, 0.758065, 0.637622, 0.492279, 0.327712, 0.150347, -0.0328891, -0.214841, -0.388403, -0.546797, -0.683838, -0.794174, -0.873497, -0.918709, -0.928043, -0.901137, -0.839039, -0.744177, -0.620253, -0.472107, -0.305525, -0.127012, 0.0564613, 0.23773, 0.409714, 0.565699, 0.699592, 0.806166, 0.881257, 0.921935, 0.926609, 0.895098, 0.828633, 0.729808, 0.602483, 0.451631, 0.283141, 0.103594, -0.0799587, -0.2608, -0.417845, -0.635047, 0.18778
-0.0221765, -0.144531, -0.318362, -0.494429, -0.651568, -0.783306, -0.884456, -0.951067, -0.980538, -0.971717, -0.924949, -0.842061, -0.726289, -0.582154, -0.415286, -0.2322, -0.0400468, 0.153671, 0.341387, 0.515772, 0.670015, 0.798093, 0.895005, 0.956965, 0.981555, 0.967813, 0.916278, 0.82896, 0.70927, 0.561883, 0.392553, 0.207894, 0.0151154, -0.178253, -0.36466, -0.536827, -0.68803, -0.812365, -0.904975, -0.962246, -0.981939, -0.963286, -0.907015, -0.815325, -0.691795, -0.541249, -0.369567, -0.183453, 0.00982568, 0.20272, 0.387698, 0.557536, 0.705602, 0.826112, 0.914362, 0.966905, 0.981689, 0.958137, 0.897168, 0.801163, 0.673872, 0.520266, 0.346342, 0.158893, -0.0347605, -0.227057, -0.410486, -0.577886, -0.722718, -0.839327, -0.923159, -0.970941, -0.980806, -0.95237, -0.886742, -0.786485, -0.655515, -0.498947, -0.322894, -0.134232, 0.0596728, 0.251247, 0.433009, 0.597862, 0.739368, 0.852, 0.931361, 0.974351, 0.979291, 0.945988, 0.875743, 0.7713, 0.636736, 0.477306, 0.299238, 0.109483, -0.0845061, -0.275629, -0.441602, -0.671154, 0.18778
-0.0225049, -0.146663, -0.323057, -0.50172, -0.661176, -0.794857, -0.897498, -0.96509, -0.994995, -0.986044, -0.938586, -0.854475, -0.736996, -0.590737, -0.421408, -0.235623, -0.0406359, 0.155938, 0.346422, 0.523378, 0.679895, 0.809861, 0.908201, 0.971075, 0.996027, 0.982083, 0.929787, 0.841182, 0.719727, 0.570166, 0.39834, 0.210957, 0.0153369, -0.180882, -0.370038, -0.544743, -0.698176, -0.824343, -0.918319, -0.976433, -0.996417, -0.977488, -0.920388, -0.827345, -0.701994, -0.549228, -0.375015, -0.186156, 0.00997194, 0.205711, 0.393416, 0.565758, 0.716006, 0.838294, 0.927844, 0.981162, 0.996163, 0.972263, 0.910395, 0.812975, 0.683807, 0.527936, 0.351447, 0.161235, -0.0352744, -0.230406, -0.41654, -0.586407, -0.733375, -0.851703, -0.936771, -0.985257, -0.995267, -0.966411, -0.899815, -0.79808, -0.66518, -0.506302, -0.327654, -0.136209, 0.060554, 0.254953, 0.439395, 0.606678, 0.75027, 0.864563, 0.945093, 0.988717, 0.993729, 0.959935, 0.888655, 0.782671, 0.646123, 0.484343, 0.303648, 0.111095, -0.0857535, -0.279694, -0.448115, -0.68105, 0.18778
-0.0219544, -0.143068, -0.315137, -0.489418, -0.644964, -0.775366, -0.87549, -0.941425, -0.970596, -0.961864, -0.91557, -0.833522, -0.718923, -0.57625, -0.411073, -0.229843, -0.0396381, 0.152115, 0.337928, 0.510545, 0.663224, 0.790003, 0.885932, 0.947263, 0.971603, 0.958001, 0.906987, 0.820554, 0.702078, 0.556184, 0.388571, 0.205783, 0.0149595, -0.176448, -0.360966, -0.531387, -0.681056, -0.80413, -0.895801, -0.95249, -0.971983, -0.953519, -0.897818, -0.807057, -0.684779, -0.535759, -0.365817, -0.18159, 0.00972877, 0.200668, 0.38377, 0.551886, 0.69845, 0.817738, 0.905093, 0.957103, 0.971736, 0.948422, 0.888071, 0.793039, 0.667038, 0.514989, 0.342828, 0.15728, -0.0344107, -0.224757, -0.406327, -0.572029, -0.715392, -0.830819, -0.913801, -0.961097, -0.970862, -0.942713, -0.87775, -0.77851, -0.648867, -0.493886, -0.319618, -0.132868, 0.0590705, 0.248702, 0.428622, 0.591803, 0.731874, 0.843364, 0.921919, 0.964472, 0.969362, 0.936396, 0.866863, 0.763478, 0.630278, 0.472465, 0.296201, 0.10837, -0.083652, -0.272837, -0.437128, -0.664351, 0.18778
-0.0205465, -0.133886, -0.29491, -0.458004, -0.603565, -0.725597, -0.819294, -0.880996, -0.908295, -0.900123, -0.8568, -0.780018, -0.672775, -0.53926, -0.384686, -0.215089, -0.0370923, 0.142353, 0.316238, 0.477775, 0.620653, 0.739294, 0.829065, 0.88646, 0.909237, 0.896507, 0.848768, 0.767883, 0.657011, 0.520482, 0.363627, 0.192573, 0.0139978, -0.165124, -0.337797, -0.497279, -0.637341, -0.752514, -0.838301, -0.891351, -0.909592, -0.892313, -0.840188, -0.755252, -0.640823, -0.501368, -0.342335, -0.169933, 0.00910569, 0.187788, 0.359138, 0.516462, 0.653618, 0.765249, 0.846996, 0.895667, 0.909361, 0.887543, 0.831066, 0.742134, 0.624221, 0.481931, 0.320821, 0.147183, -0.0322033, -0.210332, -0.380246, -0.535312, -0.669473, -0.77749, -0.855145, -0.899406, -0.908543, -0.882201, -0.821407, -0.728537, -0.607216, -0.462183, -0.2991, -0.124338, 0.0552802, 0.23274, 0.40111, 0.553817, 0.684896, 0.789229, 0.862742, 0.902564, 0.907139, 0.876289, 0.811219, 0.71447, 0.58982, 0.442136, 0.277187, 0.101412, -0.0782839, -0.255325, -0.40907, -0.621708, 0.18778
-0.0183363, -0.119476, -0.263166, -0.408704, -0.538597, -0.647492, -0.731103, -0.786164, -0.810523, -0.803231, -0.764571, -0.696054, -0.600355, -0.481211, -0.343275, -0.191934, -0.0330981, 0.127031, 0.282199, 0.426347, 0.553845, 0.659715, 0.739822, 0.791039, 0.811364, 0.800004, 0.757403, 0.685225, 0.586287, 0.464454, 0.324484, 0.171842, 0.0124896, -0.147351, -0.301437, -0.443751, -0.568737, -0.671512, -0.748064, -0.795403, -0.811681, -0.796261, -0.749747, -0.673953, -0.571841, -0.447398, -0.305483, -0.151639, 0.00812701, 0.167576, 0.32048, 0.46087, 0.583261, 0.682876, 0.755823, 0.799255, 0.811475, 0.792005, 0.741606, 0.662247, 0.557026, 0.430053, 0.286285, 0.131338, -0.0287384, -0.187692, -0.339317, -0.477691, -0.59741, -0.693799, -0.763095, -0.802591, -0.810745, -0.787238, -0.732988, -0.650114, -0.541852, -0.412431, -0.266903, -0.110952, 0.0493312, 0.207688, 0.357935, 0.494203, 0.611173, 0.704275, 0.769874, 0.805409, 0.809492, 0.781962, 0.723896, 0.637561, 0.526329, 0.394542, 0.247348, 0.0904945, -0.0698586, -0.227843, -0.365038, -0.554787, 0.18778
-0.01541, -0.1004, -0.221145, -0.343444, -0.452595, -0.544102, -0.614362, -0.66063, -0.681099, -0.674971, -0.642484, -0.584907, -0.504489, -0.40437, -0.28846, -0.161285, -0.0278114, 0.106748, 0.237139, 0.358269, 0.465409, 0.554373, 0.621689, 0.664726, 0.681806, 0.67226, 0.636461, 0.575807, 0.492668, 0.390289, 0.272669, 0.144401, 0.0104936, -0.123823, -0.253305, -0.372895, -0.477922, -0.564286, -0.628614, -0.668394, -0.682072, -0.669114, -0.630027, -0.566336, -0.480529, -0.375956, -0.256702, -0.127424, 0.00683097, 0.140819, 0.269308, 0.38728, 0.490128, 0.573836, 0.635135, 0.671631, 0.681899, 0.665538, 0.623187, 0.556499, 0.46808, 0.361381, 0.24057, 0.110364, -0.0241511, -0.157723, -0.285136, -0.401415, -0.502017, -0.583015, -0.641245, -0.674434, -0.681285, -0.661532, -0.615944, -0.546303, -0.455328, -0.346572, -0.224282, -0.0932338, 0.0414557, 0.174526, 0.300781, 0.415291, 0.513582, 0.591818, 0.646942, 0.676802, 0.680232, 0.657099, 0.608304, 0.535755, 0.442284, 0.33154, 0.20785, 0.0760427, -0.0587053, -0.191462, -0.30675, -0.4662, 0.18778
-0.011882, -0.0774027, -0.170489, -0.264772, -0.348919, -0.419464, -0.473629, -0.509298, -0.525078, -0.520353, -0.495307, -0.45092, -0.388923, -0.311738, -0.22238, -0.124337, -0.0214385, 0.082297, 0.182819, 0.276201, 0.358797, 0.427382, 0.479277, 0.512456, 0.525622, 0.518263, 0.490664, 0.443904, 0.379809, 0.300883, 0.210206, 0.111321, 0.00808779, -0.0954608, -0.195281, -0.287476, -0.368444, -0.435025, -0.484616, -0.515283, -0.525828, -0.515838, -0.485704, -0.436602, -0.370451, -0.289833, -0.197897, -0.0982324, 0.00526816, 0.108563, 0.207618, 0.298566, 0.377854, 0.442386, 0.489643, 0.517778, 0.525694, 0.51308, 0.48043, 0.429019, 0.360854, 0.278597, 0.18546, 0.0850809, -0.0186207, -0.121595, -0.219821, -0.309463, -0.38702, -0.449463, -0.494354, -0.519939, -0.525221, -0.509992, -0.474847, -0.421159, -0.351023, -0.26718, -0.172903, -0.0718745, 0.0319613, 0.134549, 0.231882, 0.32016, 0.395935, 0.456249, 0.498745, 0.521765, 0.524409, 0.506574, 0.468957, 0.413026, 0.340967, 0.255592, 0.160235, 0.0586214, -0.0452595, -0.147605, -0.236484, -0.359407, 0.18778
-0.0078899, -0.0513831, -0.113174, -0.17576, -0.231617, -0.278445, -0.3144, -0.338077, -0.348551, -0.345414, -0.328788, -0.299323, -0.258169, -0.206932, -0.147615, -0.0825333, -0.0142285, 0.054632, 0.121359, 0.183347, 0.238175, 0.283701, 0.318149, 0.340173, 0.348913, 0.344027, 0.325706, 0.294666, 0.252119, 0.199726, 0.139534, 0.073893, 0.00536616, -0.0633702, -0.129632, -0.190831, -0.244578, -0.288774, -0.321693, -0.34205, -0.349049, -0.342417, -0.322413, -0.289819, -0.245907, -0.192392, -0.131363, -0.0652049, 0.00349963, 0.0720675, 0.137821, 0.198193, 0.250824, 0.293661, 0.32503, 0.343706, 0.34896, 0.340586, 0.318913, 0.284785, 0.239536, 0.184933, 0.123107, 0.0564749, -0.0123632, -0.0807184, -0.145921, -0.205426, -0.256909, -0.298358, -0.328157, -0.345141, -0.348646, -0.338536, -0.315206, -0.279567, -0.23301, -0.177354, -0.114772, -0.0477083, 0.0212187, 0.0893172, 0.153928, 0.212527, 0.262827, 0.302863, 0.331072, 0.346352, 0.348107, 0.336268, 0.311297, 0.274169, 0.226335, 0.169662, 0.106363, 0.0389108, -0.0300462, -0.0979842, -0.156982, -0.23858, 0.18778
-0.00358972, -0.0233569, -0.0514403, -0.0798845, -0.105271, -0.126553, -0.142893, -0.153653, -0.158413, -0.156987, -0.14943, -0.136037, -0.117332, -0.0940455, -0.0670861, -0.0375068, -0.00646283, 0.0248335, 0.0551601, 0.0833326, 0.108251, 0.128942, 0.144597, 0.154606, 0.158577, 0.156356, 0.148029, 0.133921, 0.114583, 0.0907704, 0.0634133, 0.0335798, 0.00243498, -0.0288049, -0.05892, -0.0867341, -0.111161, -0.131247, -0.146208, -0.155459, -0.158639, -0.155624, -0.146532, -0.131718, -0.111759, -0.0874368, -0.0596996, -0.0296312, 0.00159443, 0.0327578, 0.0626419, 0.0900797, 0.114, 0.133468, 0.147724, 0.156212, 0.158599, 0.154792, 0.144941, 0.12943, 0.108864, 0.0840467, 0.0559475, 0.0256634, -0.00562282, -0.0366895, -0.0663234, -0.0933672, -0.116765, -0.135603, -0.149145, -0.156863, -0.158456, -0.15386, -0.143256, -0.127058, -0.105898, -0.0806024, -0.0521592, -0.0216791, 0.00964758, 0.0405975, 0.0699621, 0.0965945, 0.119455, 0.13765, 0.15047, 0.157414, 0.158211, 0.152829, 0.141479, 0.124605, 0.102864, 0.0771061, 0.0483373, 0.0176807, -0.0136596, -0.0445366, -0.0713503, -0.108435, 0.18778
0.000850639, 0.00558135, 0.0123026, 0.0191106, 0.025187, 0.0302815, 0.0341935, 0.0367702, 0.037911, 0.0375713, 0.0357644, 0.0325608, 0.0280858, 0.0225139, 0.0160628, 0.00898443, 0.00155523, -0.00593471, -0.0131929, -0.0199359, -0.0259003, -0.0308534, -0.0346015, -0.0369984, -0.0379505, -0.0374206, -0.0354293, -0.0320545, -0.0274279, -0.0217302, -0.0151839, -0.00804468, -0.000591289, 0.00688519, 0.0140928, 0.0207501, 0.026597, 0.0314053, 0.0349872, 0.0372028, 0.0379655, 0.0372457, 0.0350713, 0.0315274, 0.0267523, 0.0209325, 0.0142952, 0.00709973, -0.00037303, -0.00783123, -0.0149836, -0.0215509, -0.0272765, -0.031937, -0.0353503, -0.0373831, -0.037956, -0.0370468, -0.0346908, -0.03098, -0.0260595, -0.0201213, -0.0133974, -0.00615021, 0.00133711, 0.00877221, 0.0158647, 0.0223377, 0.0279384, 0.0324481, 0.0356906, 0.0375393, 0.0379221, 0.036824, 0.0342878, 0.0304127, 0.0253499, 0.0192971, 0.0124908, 0.00519672, -0.00230033, -0.00970753, -0.0167357, -0.0231102, -0.0285823, -0.0329382, -0.0360078, -0.0376713, -0.0378637, -0.0365774, -0.0338627, -0.0298257, -0.0246239, -0.0184605, -0.0115762, -0.00423984, 0.00326049, 0.0106503, 0.0170679, 0.025944, 0.18778
0.00525778, 0.0343017, 0.075565, 0.117359, 0.154661, 0.185933, 0.209945, 0.225758, 0.232755, 0.230662, 0.219562, 0.199887, 0.172407, 0.138194, 0.0985844, 0.0551248, 0.00951255, -0.0364712, -0.0810307, -0.122426, -0.15904, -0.189444, -0.212449, -0.227158, -0.232996, -0.229736, -0.217504, -0.196778, -0.168368, -0.133382, -0.0931882, -0.049355, -0.00359447, 0.0423064, 0.0865552, 0.127424, 0.163317, 0.192831, 0.214816, 0.228412, 0.233088, 0.228661, 0.215305, 0.193541, 0.164219, 0.128484, 0.0877319, 0.0435534, -0.00232593, -0.0481144, -0.092024, -0.13234, -0.167488, -0.196095, -0.217044, -0.229518, -0.233029, -0.227439, -0.212968, -0.19018, -0.159965, -0.123504, -0.082219, -0.0377237, 0.00824482, 0.0538913, 0.0974333, 0.13717, 0.171551, 0.199232, 0.219133, 0.230476, 0.232819, 0.22607, 0.210493, 0.186696, 0.155608, 0.118443, 0.076653, 0.0318696, -0.0141584, -0.0596335, -0.10278, -0.141912, -0.175503, -0.20224, -0.22108, -0.231286, -0.23246, -0.224556, -0.207882, -0.183091, -0.15115, -0.113306, -0.0710377, -0.0259948, 0.0200532, 0.0654212, 0.10482, 0.15931, 0.18778
0.0094596, 0.0616825, 0.135877, 0.211025, 0.278096, 0.334324, 0.377498, 0.40593, 0.418509, 0.414745, 0.394785, 0.359408, 0.309996, 0.248478, 0.177256, 0.0991125, 0.0170984, -0.0655834, -0.145704, -0.220135, -0.285969, -0.340636, -0.382, -0.408447, -0.418943, -0.413079, -0.391084, -0.353817, -0.302732, -0.239826, -0.167553, -0.088738, -0.00645728, 0.0760756, 0.155638, 0.229122, 0.293658, 0.346727, 0.386256, 0.410701, 0.419107, 0.411147, 0.387131, 0.347997, 0.295273, 0.231019, 0.157742, 0.0783062, -0.00418799, -0.0865187, -0.165471, -0.237961, -0.301158, -0.352595, -0.390263, -0.41269, -0.419001, -0.40895, -0.382928, -0.341953, -0.287624, -0.222063, -0.14783, -0.067824, 0.0148306, 0.0969059, 0.175197, 0.246646, 0.308464, 0.358235, 0.394017, 0.414413, 0.418624, 0.406488, 0.378478, 0.335688, 0.279789, 0.212964, 0.137822, 0.0572979, -0.0254636, -0.107231, -0.18481, -0.255173, -0.31557, -0.363645, -0.397518, -0.415868, -0.417978, -0.403765, -0.373784, -0.329207, -0.271774, -0.203727, -0.127725, -0.0467347, 0.0360628, 0.117637, 0.188478, 0.286455, 0.18778
0.013292, 0.0866545, 0.190882, 0.29645, 0.39067, 0.46966, 0.530309, 0.570249, 0.58792, 0.582632, 0.554592, 0.504893, 0.435479, 0.349058, 0.249006, 0.13923, 0.0240165, -0.0921345, -0.204688, -0.309247, -0.401731, -0.478526, -0.536634, -0.573785, -0.58853, -0.580292, -0.549393, -0.497039, -0.425275, -0.336903, -0.235375, -0.124656, -0.00906793, 0.106874, 0.218642, 0.321872, 0.412532, 0.487083, 0.542612, 0.576952, 0.58876, 0.577577, 0.543839, 0.488863, 0.414796, 0.324531, 0.221593, 0.110001, -0.00588651, -0.121544, -0.232456, -0.334289, -0.423068, -0.495326, -0.548241, -0.579746, -0.588611, -0.57449, -0.537935, -0.480372, -0.404051, -0.31195, -0.207668, -0.0952756, 0.0208371, 0.136136, 0.246119, 0.34649, 0.433331, 0.503249, 0.553515, 0.582166, 0.588082, 0.571032, 0.531683, 0.471571, 0.393044, 0.299168, 0.193609, 0.0804887, -0.0357743, -0.15064, -0.259624, -0.358468, -0.443314, -0.510848, -0.558433, -0.58421, -0.587173, -0.567206, -0.525089, -0.462466, -0.381784, -0.286192, -0.179424, -0.0656495, 0.0506641, 0.16526, 0.264776, 0.402413, 0.18778
0.0166054, 0.108243, 0.238433, 0.370298, 0.487988, 0.586654, 0.662411, 0.712299, 0.734372, 0.727766, 0.69274, 0.630662, 0.543955, 0.436007, 0.311031, 0.17391, 0.0299968, -0.115088, -0.255678, -0.386283, -0.501804, -0.597728, -0.670311, -0.716717, -0.735134, -0.724843, -0.686246, -0.620851, -0.53121, -0.420825, -0.294006, -0.155705, -0.0113245, 0.133499, 0.273108, 0.402053, 0.515297, 0.608417, 0.677779, 0.720672, 0.735422, 0.721452, 0.679309, 0.610638, 0.518121, 0.405371, 0.27679, 0.1374, -0.00735515, -0.151823, -0.290363, -0.417563, -0.528457, -0.618714, -0.684809, -0.724162, -0.735235, -0.717596, -0.671934, -0.600032, -0.504699, -0.389656, -0.259396, -0.119007, 0.02603, 0.17005, 0.30743, 0.432804, 0.541276, 0.628611, 0.691398, 0.727184, 0.734574, 0.713277, 0.664125, 0.589039, 0.49095, 0.373689, 0.241835, 0.100536, -0.0446881, -0.188167, -0.324298, -0.447765, -0.553746, -0.638103, -0.69754, -0.729738, -0.733439, -0.708497, -0.655888, -0.577666, -0.476885, -0.357481, -0.224117, -0.0820006, 0.063287, 0.206428, 0.330734, 0.502657, 0.18778
0.0192702, 0.125604, 0.276673, 0.429686, 0.56625, 0.680739, 0.768644, 0.826534, 0.852146, 0.84448, 0.803837, 0.731802, 0.63119, 0.505929, 0.360911, 0.201798, 0.0348056, -0.133546, -0.296683, -0.448234, -0.582281, -0.693589, -0.777812, -0.831659, -0.85303, -0.841088, -0.796301, -0.720417, -0.6164, -0.488312, -0.341154, -0.180674, -0.0131388, 0.15491, 0.316909, 0.466533, 0.597938, 0.705992, 0.786477, 0.836249, 0.853364, 0.837154, 0.788252, 0.708567, 0.601213, 0.47038, 0.321178, 0.159434, -0.00853656, -0.176174, -0.336931, -0.48453, -0.613208, -0.71794, -0.794635, -0.840298, -0.853147, -0.832679, -0.779694, -0.69626, -0.585637, -0.452144, -0.300994, -0.13809, 0.0302064, 0.197323, 0.356735, 0.502215, 0.628083, 0.729424, 0.80228, 0.843806, 0.852379, 0.827667, 0.770633, 0.683504, 0.569684, 0.433617, 0.280617, 0.116658, -0.0518567, -0.218346, -0.376309, -0.519576, -0.642553, -0.740438, -0.809408, -0.846769, -0.851062, -0.822121, -0.761074, -0.670307, -0.553363, -0.41481, -0.260058, -0.0951494, 0.0734383, 0.239536, 0.383777, 0.583271, 0.18778
0.0211826, 0.13806, 0.304109, 0.472294, 0.622399, 0.74824, 0.844862, 0.908491, 0.936642, 0.928216, 0.883542, 0.804365, 0.693776, 0.556094, 0.396696, 0.221807, 0.0382552, -0.14679, -0.326103, -0.492681, -0.64002, -0.762364, -0.854938, -0.914125, -0.937614, -0.924488, -0.875259, -0.791851, -0.67752, -0.53673, -0.374981, -0.198588, -0.01444, 0.170272, 0.348335, 0.512794, 0.657228, 0.775997, 0.864462, 0.919169, 0.937981, 0.920163, 0.866412, 0.778826, 0.660826, 0.51702, 0.353024, 0.175241, -0.00938461, -0.193644, -0.370341, -0.532576, -0.674013, -0.789129, -0.873429, -0.92362, -0.937742, -0.915244, -0.857005, -0.765299, -0.643706, -0.496976, -0.330839, -0.151781, 0.0332031, 0.216891, 0.392109, 0.552015, 0.690363, 0.801753, 0.881832, 0.927475, 0.936899, 0.909735, 0.847046, 0.751278, 0.626171, 0.476612, 0.30844, 0.128224, -0.0570002, -0.239998, -0.413624, -0.571097, -0.706268, -0.813858, -0.889667, -0.930732, -0.935451, -0.903639, -0.83654, -0.736772, -0.608232, -0.45594, -0.285843, -0.104583, 0.0807218, 0.263289, 0.421832, 0.641107, 0.18778
0.0222677, 0.145124, 0.319668, 0.496458, 0.654242, 0.786521, 0.888086, 0.95497, 0.984561, 0.975704, 0.928744, 0.845516, 0.729269, 0.584543, 0.41699, 0.233153, 0.0402109, -0.154301, -0.342788, -0.517888, -0.672764, -0.801368, -0.898677, -0.960892, -0.985583, -0.971785, -0.920038, -0.832362, -0.712181, -0.564188, -0.394164, -0.208746, -0.0151773, 0.178985, 0.366157, 0.53903, 0.690854, 0.815698, 0.908689, 0.966194, 0.985968, 0.967239, 0.910737, 0.81867, 0.694633, 0.54347, 0.371083, 0.184205, -0.00986618, -0.203552, -0.389289, -0.559824, -0.708497, -0.829502, -0.918115, -0.970873, -0.985717, -0.962068, -0.900849, -0.804451, -0.676638, -0.522401, -0.347763, -0.159545, 0.0349033, 0.227989, 0.412171, 0.580257, 0.725684, 0.842771, 0.926948, 0.974925, 0.984831, 0.956278, 0.89038, 0.789712, 0.658205, 0.500994, 0.324219, 0.134782, -0.0599179, -0.252278, -0.434786, -0.600316, -0.742402, -0.855497, -0.935183, -0.978349, -0.983309, -0.94987, -0.879337, -0.774464, -0.639348, -0.479265, -0.300465, -0.109932, 0.0848531, 0.27676, 0.443415, 0.673908, 0.18778
0.0224833, 0.146522, 0.322745, 0.501234, 0.660536, 0.794087, 0.896629, 0.964156, 0.994032, 0.985089, 0.937678, 0.853648, 0.736283, 0.590165, 0.421, 0.235394, 0.0405964, -0.155787, -0.346087, -0.522871, -0.679237, -0.809077, -0.907322, -0.970135, -0.995063, -0.981132, -0.928887, -0.840368, -0.719031, -0.569614, -0.397954, -0.210753, -0.0153219, 0.180708, 0.36968, 0.544216, 0.6975, 0.823546, 0.91743, 0.975488, 0.995452, 0.976542, 0.919497, 0.826545, 0.701314, 0.548696, 0.374651, 0.185976, -0.00996246, -0.205512, -0.393035, -0.56521, -0.715313, -0.837482, -0.926947, -0.980212, -0.995199, -0.971322, -0.909514, -0.812188, -0.683145, -0.527424, -0.351107, -0.161079, 0.0352404, 0.230183, 0.416137, 0.58584, 0.732665, 0.850879, 0.935865, 0.984304, 0.994304, 0.965476, 0.898944, 0.797308, 0.664536, 0.505812, 0.327336, 0.136077, -0.0604956, -0.254706, -0.43897, -0.606091, -0.749544, -0.863726, -0.944179, -0.98776, -0.992768, -0.959006, -0.887795, -0.781913, -0.645497, -0.483874, -0.303354, -0.110988, 0.0856706, 0.279424, 0.447681, 0.680391, 0.18778
0.0218208, 0.142197, 0.313217, 0.486437, 0.641036, 0.770644, 0.870158, 0.935691, 0.964684, 0.956006, 0.909993, 0.828445, 0.714544, 0.57274, 0.408569, 0.228443, 0.0393964, -0.151189, -0.33587, -0.507435, -0.659184, -0.785191, -0.880535, -0.941494, -0.965685, -0.952165, -0.901462, -0.815556, -0.697801, -0.552796, -0.386204, -0.204529, -0.0148682, 0.175374, 0.358767, 0.52815, 0.676908, 0.799232, 0.890345, 0.946689, 0.966063, 0.947711, 0.89235, 0.802141, 0.680608, 0.532496, 0.363589, 0.180484, -0.00966969, -0.199446, -0.381433, -0.548524, -0.694196, -0.812757, -0.89958, -0.951273, -0.965817, -0.942645, -0.882661, -0.788209, -0.662975, -0.511852, -0.34074, -0.156322, 0.0342013, 0.223389, 0.403852, 0.568545, 0.711035, 0.825758, 0.908235, 0.955243, 0.964948, 0.936971, 0.872404, 0.773768, 0.644915, 0.490878, 0.317671, 0.132058, -0.0587109, -0.247188, -0.426011, -0.588198, -0.727416, -0.838227, -0.916304, -0.958598, -0.963457, -0.930692, -0.861583, -0.758827, -0.626439, -0.469587, -0.294397, -0.10771, 0.0831427, 0.271175, 0.434465, 0.660305, 0.18778
0.0203063, 0.13232, 0.291458, 0.452644, 0.596502, 0.717105, 0.809706, 0.870686, 0.897665, 0.889588, 0.846773, 0.770889, 0.664902, 0.532949, 0.380183, 0.212571, 0.036658, -0.140687, -0.312537, -0.472183, -0.613389, -0.730642, -0.819362, -0.876085, -0.898596, -0.886015, -0.838834, -0.758896, -0.649322, -0.51439, -0.359372, -0.190319, -0.0138338, 0.163191, 0.333844, 0.491459, 0.629882, 0.743708, 0.82849, 0.880919, 0.898947, 0.88187, 0.830355, 0.746413, 0.633323, 0.4955, 0.338328, 0.167944, -0.00899931, -0.185591, -0.354935, -0.510418, -0.645968, -0.756293, -0.837084, -0.885185, -0.898719, -0.877156, -0.821339, -0.733448, -0.616915, -0.476291, -0.317066, -0.14546, 0.0318266, 0.20787, 0.375797, 0.529047, 0.661638, 0.768391, 0.845137, 0.88888, 0.89791, 0.871876, 0.811794, 0.720011, 0.60011, 0.456773, 0.2956, 0.122883, -0.0546334, -0.230016, -0.396416, -0.547335, -0.676881, -0.779993, -0.852645, -0.892001, -0.896523, -0.866034, -0.801725, -0.706108, -0.582917, -0.436962, -0.273943, -0.100225, 0.0773679, 0.252337, 0.404283, 0.614432, 0.18778
0.0179987, 0.117275, 0.258318, 0.401175, 0.528674, 0.635563, 0.717633, 0.771679, 0.79559, 0.788432, 0.750484, 0.683229, 0.589294, 0.472345, 0.336951, 0.188398, 0.0324881, -0.12469, -0.277, -0.418492, -0.543641, -0.647561, -0.726192, -0.776465, -0.796415, -0.785265, -0.743449, -0.6726, -0.575485, -0.455897, -0.318505, -0.168676, -0.0122593, 0.144636, 0.295883, 0.435576, 0.558258, 0.65914, 0.734282, 0.780749, 0.796727, 0.781591, 0.735933, 0.661536, 0.561305, 0.439155, 0.299855, 0.148845, -0.0079775, -0.164488, -0.314576, -0.452379, -0.572515, -0.670295, -0.741898, -0.78453, -0.796524, -0.777413, -0.727943, -0.650046, -0.546764, -0.42213, -0.281011, -0.128918, 0.0282091, 0.184235, 0.333065, 0.46889, 0.586403, 0.681017, 0.749036, 0.787804, 0.795807, 0.772733, 0.719483, 0.638136, 0.531869, 0.404832, 0.261985, 0.108908, -0.0484225, -0.203862, -0.35134, -0.485098, -0.599913, -0.6913, -0.75569, -0.79057, -0.794577, -0.767555, -0.710559, -0.625815, -0.516631, -0.387273, -0.242791, -0.088827, 0.0685718, 0.223645, 0.358312, 0.544565, 0.18778
0.0149883, 0.0976502, 0.215089, 0.334039, 0.4402, 0.529201, 0.597537, 0.642537, 0.662446, 0.656486, 0.624889, 0.568889, 0.490673, 0.393296, 0.28056, 0.156868, 0.0270494, -0.103825, -0.230645, -0.348458, -0.452663, -0.539191, -0.604663, -0.646522, -0.663133, -0.653849, -0.61903, -0.560038, -0.479175, -0.3796, -0.265201, -0.140446, -0.0102059, 0.120433, 0.246368, 0.362683, 0.464834, 0.548833, 0.611399, 0.650089, 0.663393, 0.65079, 0.612773, 0.550826, 0.467369, 0.36566, 0.249672, 0.123934, -0.00664415, -0.136963, -0.261932, -0.376674, -0.476705, -0.55812, -0.617741, -0.653237, -0.663224, -0.647311, -0.606119, -0.541258, -0.45526, -0.351484, -0.233981, -0.107342, 0.0234899, 0.153404, 0.277328, 0.390421, 0.488269, 0.567048, 0.623684, 0.655964, 0.662627, 0.643414, 0.599075, 0.531342, 0.442858, 0.337081, 0.21814, 0.0906802, -0.0403206, -0.169747, -0.292544, -0.403917, -0.499517, -0.57561, -0.629224, -0.658267, -0.661603, -0.639103, -0.591645, -0.521082, -0.430171, -0.32246, -0.202158, -0.0739599, 0.0570978, 0.186219, 0.29835, 0.453432, 0.18778
0.0113925, 0.0742124, 0.163461, 0.253858, 0.334537, 0.402173, 0.454105, 0.488304, 0.503433, 0.498903, 0.47489, 0.432332, 0.372891, 0.298888, 0.213212, 0.119211, 0.0205545, -0.0789049, -0.175283, -0.264816, -0.344008, -0.409765, -0.459521, -0.491332, -0.503955, -0.496899, -0.470438, -0.425606, -0.364153, -0.28848, -0.201541, -0.106731, -0.00775407, 0.0915261, 0.187232, 0.275626, 0.353257, 0.417092, 0.46464, 0.494043, 0.504152, 0.494574, 0.465682, 0.418605, 0.35518, 0.277886, 0.189739, 0.0941828, -0.00505134, -0.104088, -0.19906, -0.286259, -0.362278, -0.424151, -0.469459, -0.496435, -0.504024, -0.49193, -0.460626, -0.411334, -0.345978, -0.267112, -0.177815, -0.0815734, 0.0178535, 0.116583, 0.21076, 0.296707, 0.371066, 0.430935, 0.473976, 0.498507, 0.503571, 0.488969, 0.455273, 0.403798, 0.336553, 0.256166, 0.165776, 0.0689114, -0.0306441, -0.129003, -0.222324, -0.306963, -0.379615, -0.437442, -0.478186, -0.500257, -0.502792, -0.485693, -0.449626, -0.396001, -0.326911, -0.245055, -0.15363, -0.0562046, 0.0433941, 0.141521, 0.226736, 0.344592, 0.18778
0.00735187, 0.0478764, 0.10545, 0.163764, 0.215809, 0.25944, 0.292941, 0.315001, 0.324761, 0.321838, 0.306347, 0.278892, 0.240547, 0.192808, 0.137539, 0.0768995, 0.0132568, -0.0509035, -0.113076, -0.170833, -0.221918, -0.264337, -0.296434, -0.316954, -0.325097, -0.320545, -0.303474, -0.274553, -0.23491, -0.186093, -0.13001, -0.0688489, -0.00499939, 0.0590453, 0.120784, 0.177806, 0.227885, 0.269064, 0.299736, 0.318703, 0.325224, 0.319045, 0.300407, 0.270037, 0.229122, 0.179259, 0.122396, 0.0607538, -0.00326126, -0.067149, -0.128414, -0.184665, -0.233705, -0.273617, -0.302845, -0.320246, -0.325141, -0.317339, -0.297145, -0.265346, -0.223186, -0.172309, -0.114704, -0.0526196, 0.0115198, 0.0752094, 0.135962, 0.191405, 0.239373, 0.277994, 0.305759, 0.321583, 0.324849, 0.315429, 0.293691, 0.260485, 0.217106, 0.165248, 0.106938, 0.0444515, -0.0197709, -0.0832212, -0.143422, -0.198021, -0.244888, -0.282191, -0.308475, -0.322712, -0.324347, -0.313315, -0.290049, -0.255455, -0.210886, -0.158081, -0.0991028, -0.0362544, 0.0279959, 0.0912967, 0.146268, 0.222296, 0.18778
0.00302413, 0.0196708, 0.0433207, 0.0672746, 0.088653, 0.106575, 0.120336, 0.129397, 0.133405, 0.132204, 0.12584, 0.114561, 0.0988091, 0.0791982, 0.0564946, 0.0315847, 0.00544147, -0.0209143, -0.0464533, -0.0701783, -0.0911627, -0.108587, -0.121771, -0.1302, -0.133544, -0.131673, -0.12466, -0.112779, -0.0964935, -0.0764401, -0.0534016, -0.0282777, -0.00204948, 0.0242588, 0.0496196, 0.0730428, 0.0936136, 0.110529, 0.123127, 0.130918, 0.133596, 0.131057, 0.123399, 0.110923, 0.0941158, 0.0736327, 0.0502742, 0.0249524, -0.00134383, -0.0275876, -0.052754, -0.0758603, -0.0960041, -0.112399, -0.124404, -0.131552, -0.133562, -0.130356, -0.12206, -0.108997, -0.0916773, -0.0707778, -0.0471143, -0.021611, 0.00473628, 0.0308986, 0.0558543, 0.0786288, 0.0983327, 0.114197, 0.125601, 0.132101, 0.133441, 0.129571, 0.120641, 0.106999, 0.0891796, 0.0678772, 0.0439241, 0.0182557, -0.00812567, -0.0341897, -0.0589185, -0.0813465, -0.100598, -0.115921, -0.126717, -0.132564, -0.133235, -0.128703, -0.119144, -0.104933, -0.0866245, -0.0649328, -0.0407055, -0.0148885, 0.0115043, 0.0375069, 0.0600876, 0.0913179, 0.18778
-0.00142171, -0.00930298, -0.0205003, -0.0318419, -0.0419645, -0.0504512, -0.0569678, -0.0612597, -0.0631593, -0.0625924, -0.0595813, -0.0542434, -0.0467872, -0.037504, -0.0267561, -0.0149634, -0.00258637, 0.00989168, 0.0219835, 0.0332167, 0.0431529, 0.0514038, 0.0576474, 0.0616397, 0.063225, 0.0623412, 0.0590229, 0.0533997, 0.0456912, 0.0361983, 0.0252919, 0.0133978, 0.000980463, -0.0114751, -0.0234826, -0.0345731, -0.0443134, -0.0523232, -0.0582898, -0.06198, -0.0632499, -0.0620497, -0.0584265, -0.0525216, -0.0445656, -0.0348693, -0.0238113, -0.0118235, 0.000626076, 0.0130512, 0.0249667, 0.0359071, 0.0454454, 0.0532089, 0.0588946, 0.0622804, 0.063234, 0.0617182, 0.0577923, 0.0516095, 0.0434113, 0.0335178, 0.0223154, 0.0102416, -0.00223221, -0.0146188, -0.0264346, -0.037218, -0.046548, -0.0540603, -0.0594614, -0.0625405, -0.0631773, -0.0613469, -0.0571209, -0.0506642, -0.042229, -0.0321447, -0.0208051, -0.00865306, 0.0038369, 0.016177, 0.0278854, 0.0385049, 0.0476206, 0.0548767, 0.0599899, 0.0627603, 0.0630798, 0.060936, 0.0564126, 0.0496862, 0.0410194, 0.0307508, 0.0192814, 0.00705892, -0.00543651, -0.0177476, -0.028439, -0.0432259, 0.18778
-0.00581203, -0.0379135, -0.0835207, -0.129715, -0.170943, -0.205508, -0.232047, -0.249524, -0.257258, -0.254945, -0.242676, -0.22093, -0.190556, -0.152742, -0.108962, -0.0609272, -0.0105132, 0.0403114, 0.0895617, 0.135315, 0.175783, 0.209387, 0.234815, 0.251072, 0.257525, 0.253921, 0.240401, 0.217493, 0.186092, 0.147423, 0.102998, 0.05455, 0.00397212, -0.0467609, -0.0956679, -0.140839, -0.18051, -0.213132, -0.237431, -0.252457, -0.257626, -0.252733, -0.237971, -0.213916, -0.181507, -0.14201, -0.096967, -0.0481377, 0.00257153, 0.0531803, 0.101712, 0.146272, 0.18512, 0.216739, 0.239894, 0.25368, 0.25756, 0.251382, 0.235387, 0.2102, 0.176805, 0.136505, 0.0908737, 0.0416942, -0.00911353, -0.0595654, -0.107691, -0.151611, -0.189611, -0.220206, -0.242202, -0.254739, -0.257329, -0.249869, -0.232652, -0.206349, -0.171989, -0.130911, -0.0847218, -0.0352239, 0.0156496, 0.065912, 0.1136, 0.156853, 0.193979, 0.223531, 0.244354, 0.255634, 0.256931, 0.248195, 0.229767, 0.202365, 0.167061, 0.125234, 0.0785153, 0.0287306, -0.022165, -0.072309, -0.115855, -0.176082, 0.18778
-0.00997538, -0.0650434, -0.14328, -0.222522, -0.293247, -0.352539, -0.398064, -0.428045, -0.44131, -0.437341, -0.416293, -0.378989, -0.326884, -0.262014, -0.186913, -0.104512, -0.0180295, 0.0691568, 0.153642, 0.232128, 0.301549, 0.359194, 0.402812, 0.430699, 0.441768, 0.435584, 0.412391, 0.373093, 0.319225, 0.252891, 0.176681, 0.093572, 0.00680866, -0.0802206, -0.164117, -0.241605, -0.309657, -0.365617, -0.4073, -0.433076, -0.441941, -0.433547, -0.408222, -0.366956, -0.31136, -0.243604, -0.166336, -0.082572, 0.00441657, 0.0912326, 0.174486, 0.250925, 0.317566, 0.371805, 0.411524, 0.435173, 0.441828, 0.431229, 0.40379, 0.360582, 0.303293, 0.234161, 0.155883, 0.0715186, -0.015639, -0.102186, -0.184742, -0.260084, -0.325269, -0.377752, -0.415484, -0.43699, -0.441431, -0.428634, -0.399098, -0.353976, -0.295032, -0.224566, -0.14533, -0.0604191, 0.0268512, 0.113073, 0.194879, 0.269075, 0.332763, 0.383456, 0.419175, 0.438525, 0.440749, 0.425762, 0.394148, 0.347142, 0.28658, 0.214826, 0.134683, 0.0492804, -0.038028, -0.124047, -0.198747, -0.302061, 0.18778
-0.0137492, -0.0896332, -0.197443, -0.30664, -0.404098, -0.485803, -0.548537, -0.58985, -0.608128, -0.602658, -0.573654, -0.522247, -0.450447, -0.361055, -0.257564, -0.144015, -0.0248417, 0.0953016, 0.211723, 0.319877, 0.415539, 0.494974, 0.555079, 0.593508, 0.608759, 0.600238, 0.568276, 0.514123, 0.439892, 0.348483, 0.243465, 0.12894, 0.00937931, -0.110548, -0.226157, -0.332936, -0.426712, -0.503825, -0.561263, -0.596783, -0.608997, -0.59743, -0.562532, -0.505666, -0.429054, -0.335686, -0.229209, -0.113782, 0.00608914, 0.125722, 0.240446, 0.345779, 0.43761, 0.512351, 0.567085, 0.599673, 0.608843, 0.594236, 0.556424, 0.496883, 0.417938, 0.322672, 0.214805, 0.0985501, -0.0215537, -0.140816, -0.254579, -0.3584, -0.448226, -0.520547, -0.572541, -0.602176, -0.608295, -0.59066, -0.549958, -0.48778, -0.406553, -0.30945, -0.200263, -0.083255, 0.0370043, 0.155818, 0.268548, 0.37079, 0.458552, 0.528407, 0.577627, 0.60429, 0.607355, 0.586702, 0.543137, 0.478362, 0.394906, 0.296029, 0.185591, 0.0679057, -0.0524059, -0.17094, -0.273877, -0.416245, 0.18778
-0.0169861, -0.110723, -0.243896, -0.378783, -0.499169, -0.600096, -0.677588, -0.72862, -0.751198, -0.744441, -0.708613, -0.645112, -0.556419, -0.445996, -0.318158, -0.177894, -0.0306838, 0.117725, 0.261536, 0.395134, 0.513301, 0.611424, 0.685669, 0.733138, 0.751977, 0.741451, 0.70197, 0.635075, 0.543381, 0.430466, 0.300742, 0.159273, 0.0115837, -0.136558, -0.279366, -0.411265, -0.527103, -0.622358, -0.693308, -0.737184, -0.752272, -0.737982, -0.694874, -0.624629, -0.529992, -0.414659, -0.283132, -0.140548, 0.00752391, 0.155302, 0.297016, 0.42713, 0.540565, 0.63289, 0.7005, 0.740754, 0.752081, 0.734038, 0.68733, 0.61378, 0.516262, 0.398583, 0.265339, 0.121733, -0.0266267, -0.173947, -0.314474, -0.44272, -0.553678, -0.643014, -0.707239, -0.743846, -0.751404, -0.729619, -0.679342, -0.602535, -0.502199, -0.382251, -0.247375, -0.10284, 0.0457122, 0.192479, 0.331729, 0.458025, 0.566434, 0.652723, 0.713522, 0.746458, 0.750243, 0.72473, 0.670916, 0.590901, 0.487811, 0.365672, 0.229252, 0.0838791, -0.0647372, -0.211158, -0.338312, -0.514174, 0.18778
-0.0195596, -0.127489, -0.280825, -0.436134, -0.574747, -0.690954, -0.780179, -0.838937, -0.864933, -0.857152, -0.815899, -0.742784, -0.640662, -0.513521, -0.366326, -0.204826, -0.0353277, 0.135551, 0.301135, 0.454961, 0.591019, 0.703997, 0.789483, 0.844139, 0.86583, 0.853709, 0.80825, 0.731228, 0.62565, 0.495639, 0.346274, 0.183385, 0.0133357, -0.157235, -0.321665, -0.473534, -0.60691, -0.716586, -0.798279, -0.848797, -0.866169, -0.849716, -0.80008, -0.7192, -0.610234, -0.477438, -0.325997, -0.161826, 0.00866487, 0.178817, 0.341987, 0.491801, 0.62241, 0.728713, 0.806559, 0.852907, 0.865949, 0.845174, 0.791394, 0.706708, 0.594425, 0.458929, 0.305511, 0.140162, -0.0306599, -0.200285, -0.362088, -0.509752, -0.637509, -0.74037, -0.814319, -0.856468, -0.86517, -0.840087, -0.782197, -0.693761, -0.578233, -0.440124, -0.284827, -0.118408, 0.0526351, 0.221623, 0.381956, 0.527373, 0.652196, 0.751549, 0.821553, 0.859475, 0.863833, 0.834457, 0.772495, 0.680365, 0.561667, 0.421034, 0.26396, 0.096577, -0.0745405, -0.24313, -0.389536, -0.592023, 0.18778
-0.0213693, -0.139276, -0.306787, -0.476453, -0.62788, -0.754829, -0.852302, -0.916492, -0.944891, -0.936391, -0.891324, -0.811449, -0.699886, -0.560991, -0.40019, -0.22376, -0.038592, 0.148083, 0.328975, 0.49702, 0.645656, 0.769078, 0.862467, 0.922175, 0.945871, 0.93263, 0.882968, 0.798825, 0.683486, 0.541457, 0.378283, 0.200337, 0.014567, -0.171772, -0.351402, -0.51731, -0.663017, -0.782831, -0.872075, -0.927264, -0.946241, -0.928267, -0.874042, -0.785685, -0.666646, -0.521573, -0.356132, -0.176784, 0.00946745, 0.19535, 0.373603, 0.537267, 0.679949, 0.796079, 0.881121, 0.931754, 0.946001, 0.923305, 0.864553, 0.772038, 0.649375, 0.501353, 0.333752, 0.153118, -0.0334957, -0.218801, -0.395562, -0.556876, -0.696443, -0.808814, -0.889598, -0.935643, -0.94515, -0.917747, -0.854505, -0.757894, -0.631686, -0.480809, -0.311156, -0.129353, 0.0575024, 0.242112, 0.417267, 0.576127, 0.712488, 0.821026, 0.897502, 0.938929, 0.943689, 0.911598, 0.843907, 0.74326, 0.613588, 0.459955, 0.28836, 0.105503, -0.0814329, -0.265608, -0.425547, -0.646754, 0.18778
-0.0223445, -0.145624, -0.320769, -0.498167, -0.656494, -0.789228, -0.891142, -0.958257, -0.98795, -0.979062, -0.931941, -0.848426, -0.731779, -0.586555, -0.418425, -0.233955, -0.0403492, 0.154833, 0.343968, 0.519671, 0.67508, 0.804126, 0.90177, 0.964199, 0.988975, 0.975129, 0.923204, 0.835226, 0.714632, 0.56613, 0.39552, 0.209465, 0.0152293, -0.179601, -0.367417, -0.540885, -0.693231, -0.818506, -0.911816, -0.969519, -0.989361, -0.970567, -0.913872, -0.821488, -0.697024, -0.54534, -0.37236, -0.184839, 0.00990031, 0.204253, 0.390629, 0.561751, 0.710936, 0.832357, 0.921274, 0.974214, 0.98911, 0.965379, 0.90395, 0.807219, 0.678966, 0.524198, 0.34896, 0.160094, -0.0350236, -0.228774, -0.41359, -0.582254, -0.728181, -0.845672, -0.930138, -0.978281, -0.98822, -0.959569, -0.893445, -0.79243, -0.66047, -0.502718, -0.325335, -0.135246, 0.0601242, 0.253146, 0.436283, 0.602382, 0.744957, 0.858441, 0.938401, 0.981716, 0.986693, 0.953139, 0.882363, 0.77713, 0.641549, 0.480914, 0.301499, 0.11031, -0.0851453, -0.277713, -0.444941, -0.676227, 0.18778
-0.0224472, -0.146285, -0.322224, -0.500426, -0.65947, -0.792806, -0.895182, -0.9626, -0.992428, -0.9835, -0.936164, -0.852271, -0.735095, -0.589212, -0.42032, -0.235014, -0.0405307, 0.155536, 0.345528, 0.522027, 0.678141, 0.807772, 0.905858, 0.96857, 0.993457, 0.979549, 0.927388, 0.839011, 0.71787, 0.568695, 0.397312, 0.210413, 0.015297, -0.180416, -0.369084, -0.543338, -0.696375, -0.822217, -0.91595, -0.973914, -0.993846, -0.974966, -0.918013, -0.82521, -0.700182, -0.547811, -0.374047, -0.185675, 0.00994656, 0.20518, 0.392401, 0.564298, 0.714159, 0.836131, 0.925451, 0.97863, 0.993593, 0.969755, 0.908046, 0.810877, 0.682043, 0.526573, 0.35054, 0.160818, -0.0351837, -0.229812, -0.415465, -0.584895, -0.731483, -0.849506, -0.934354, -0.982715, -0.992699, -0.963918, -0.897494, -0.796021, -0.663463, -0.504996, -0.326808, -0.135858, 0.0603981, 0.254295, 0.438262, 0.605113, 0.748335, 0.862333, 0.942655, 0.986166, 0.991165, 0.957459, 0.886362, 0.780651, 0.644455, 0.483093, 0.302865, 0.110808, -0.0855326, -0.278973, -0.446959, -0.679293, 0.18778
-0.0216732, -0.141234, -0.311096, -0.483143, -0.636694, -0.765424, -0.864264, -0.929353, -0.95815, -0.94953, -0.903829, -0.822833, -0.709704, -0.56886, -0.405802, -0.226896, -0.0391294, 0.150165, 0.333595, 0.503998, 0.654719, 0.779873, 0.874571, 0.935116, 0.959144, 0.945716, 0.895356, 0.810032, 0.693074, 0.549052, 0.383588, 0.203144, 0.0147673, -0.174186, -0.356337, -0.524573, -0.672323, -0.793819, -0.884314, -0.940276, -0.959519, -0.941292, -0.886305, -0.796708, -0.675997, -0.528889, -0.361126, -0.179261, 0.00960438, 0.198095, 0.378849, 0.544809, 0.689494, 0.807252, 0.893487, 0.944829, 0.959275, 0.93626, 0.876683, 0.78287, 0.658484, 0.508385, 0.338432, 0.155262, -0.0339698, -0.221876, -0.401117, -0.564694, -0.706219, -0.820165, -0.902083, -0.948773, -0.958412, -0.930624, -0.866494, -0.768526, -0.640547, -0.487552, -0.315519, -0.131164, 0.0583134, 0.245513, 0.423126, 0.584214, 0.722489, 0.832549, 0.910097, 0.952105, 0.956931, 0.924388, 0.855747, 0.753687, 0.622195, 0.466406, 0.292403, 0.10698, -0.0825797, -0.269339, -0.431522, -0.655832, 0.18778
-0.0200529, -0.130667, -0.287819, -0.446992, -0.589053, -0.708151, -0.799595, -0.859814, -0.886456, -0.87848, -0.836199, -0.761263, -0.656599, -0.526293, -0.375436, -0.209917, -0.0362001, 0.13893, 0.308635, 0.466287, 0.60573, 0.721519, 0.809131, 0.865145, 0.887375, 0.874951, 0.82836, 0.749419, 0.641213, 0.507967, 0.354884, 0.187942, 0.0136609, -0.161154, -0.329675, -0.485322, -0.622017, -0.734421, -0.818145, -0.869919, -0.887722, -0.870858, -0.819986, -0.737092, -0.625414, -0.489313, -0.334103, -0.165846, 0.00888713, 0.183273, 0.350503, 0.504044, 0.637902, 0.746849, 0.826631, 0.874132, 0.887496, 0.866203, 0.811083, 0.72429, 0.609211, 0.470343, 0.313107, 0.143643, -0.0314294, -0.205275, -0.371104, -0.522441, -0.653376, -0.758796, -0.834584, -0.87778, -0.886698, -0.860989, -0.801657, -0.71102, -0.592616, -0.45107, -0.291908, -0.121348, 0.0539514, 0.227144, 0.391466, 0.540501, 0.668429, 0.770253, 0.841998, 0.880862, 0.885328, 0.85522, 0.791714, 0.697291, 0.575638, 0.431505, 0.270522, 0.0989735, -0.076402, -0.249186, -0.399235, -0.60676, 0.18778
-0.0176495, -0.114998, -0.253303, -0.393386, -0.51841, -0.623224, -0.703701, -0.756697, -0.780144, -0.773124, -0.735914, -0.669964, -0.577852, -0.463174, -0.330409, -0.18474, -0.0318571, 0.12227, 0.271622, 0.410367, 0.533087, 0.634988, 0.712093, 0.76139, 0.780953, 0.770019, 0.729014, 0.659541, 0.564312, 0.447046, 0.312321, 0.165401, 0.012021, -0.141828, -0.290139, -0.427119, -0.54742, -0.646343, -0.720026, -0.765591, -0.781258, -0.766416, -0.721645, -0.648692, -0.550408, -0.430629, -0.294033, -0.145955, 0.00782283, 0.161295, 0.308469, 0.443596, 0.5614, 0.657281, 0.727494, 0.769298, 0.781059, 0.762319, 0.71381, 0.637425, 0.536148, 0.413934, 0.275555, 0.126415, -0.0276616, -0.180658, -0.326599, -0.459786, -0.575018, -0.667795, -0.734493, -0.772509, -0.780357, -0.757731, -0.705514, -0.625747, -0.521543, -0.396972, -0.256899, -0.106793, 0.0474826, 0.199904, 0.344519, 0.47568, 0.588265, 0.677878, 0.741019, 0.775221, 0.779151, 0.752653, 0.696764, 0.613664, 0.506601, 0.379754, 0.238077, 0.0871022, -0.0672407, -0.219303, -0.351356, -0.533993, 0.18778
-0.0145568, -0.0948379, -0.208894, -0.324418, -0.427522, -0.513959, -0.580326, -0.624031, -0.643366, -0.637577, -0.60689, -0.552503, -0.47654, -0.381967, -0.272479, -0.152349, -0.0262701, 0.100835, 0.224002, 0.338421, 0.439625, 0.523661, 0.587247, 0.6279, 0.644033, 0.635016, 0.6012, 0.543907, 0.465373, 0.368666, 0.257563, 0.1364, 0.00991171, -0.116964, -0.239272, -0.352237, -0.451445, -0.533025, -0.593789, -0.631365, -0.644285, -0.632045, -0.595123, -0.53496, -0.453907, -0.355128, -0.24248, -0.120364, 0.00645304, 0.133018, 0.254388, 0.365824, 0.462975, 0.542045, 0.599948, 0.634422, 0.644121, 0.628666, 0.588661, 0.525668, 0.442147, 0.34136, 0.227242, 0.10425, -0.0228136, -0.148986, -0.26934, -0.379176, -0.474205, -0.550716, -0.60572, -0.63707, -0.643542, -0.624882, -0.58182, -0.516037, -0.430103, -0.327372, -0.211857, -0.0880681, 0.0391595, 0.164858, 0.284118, 0.392284, 0.48513, 0.559031, 0.611101, 0.639307, 0.642547, 0.620695, 0.574604, 0.506073, 0.41778, 0.313172, 0.196335, 0.0718294, -0.0554535, -0.180856, -0.289756, -0.440373, 0.18778
-0.0108957, -0.0709742, -0.156328, -0.24278, -0.319938, -0.384623, -0.434289, -0.466995, -0.481464, -0.477132, -0.454166, -0.413465, -0.356618, -0.285844, -0.203908, -0.114009, -0.0196572, 0.0754619, 0.167634, 0.25326, 0.328996, 0.391884, 0.439468, 0.469891, 0.481963, 0.475215, 0.449909, 0.407033, 0.348262, 0.27589, 0.192745, 0.102073, 0.00741534, -0.0875323, -0.179062, -0.263599, -0.337841, -0.398891, -0.444364, -0.472483, -0.482152, -0.472992, -0.44536, -0.400337, -0.33968, -0.265759, -0.181459, -0.0900724, 0.00483125, 0.0995463, 0.190374, 0.273767, 0.346469, 0.405642, 0.448973, 0.474771, 0.482029, 0.470463, 0.440525, 0.393384, 0.33088, 0.255455, 0.170055, 0.0780133, -0.0170747, -0.111496, -0.201563, -0.283759, -0.354874, -0.41213, -0.453292, -0.476753, -0.481595, -0.467631, -0.435405, -0.386176, -0.321866, -0.244987, -0.158541, -0.0659038, 0.0293072, 0.123374, 0.212622, 0.293568, 0.363049, 0.418353, 0.457319, 0.478427, 0.480851, 0.464497, 0.430005, 0.37872, 0.312645, 0.234361, 0.146925, 0.0537515, -0.0415008, -0.135346, -0.216842, -0.329555, 0.18778
-0.00680909, -0.0443388, -0.0976576, -0.151662, -0.199861, -0.240268, -0.271292, -0.291722, -0.30076, -0.298053, -0.283707, -0.258282, -0.22277, -0.178558, -0.127374, -0.071216, -0.0122766, 0.0471422, 0.10472, 0.158208, 0.205519, 0.244803, 0.274527, 0.293531, 0.301072, 0.296856, 0.281047, 0.254263, 0.21755, 0.172341, 0.120401, 0.0637603, 0.00462939, -0.0546823, -0.111859, -0.164667, -0.211044, -0.24918, -0.277586, -0.295151, -0.30119, -0.295467, -0.278206, -0.250081, -0.212189, -0.166011, -0.113351, -0.0562635, 0.00302079, 0.0621872, 0.118925, 0.171019, 0.216434, 0.253397, 0.280465, 0.29658, 0.301113, 0.293888, 0.275185, 0.245737, 0.206692, 0.159575, 0.106227, 0.0487305, -0.010669, -0.0696519, -0.125915, -0.17726, -0.221684, -0.25745, -0.283163, -0.297818, -0.300842, -0.292118, -0.271987, -0.241234, -0.201061, -0.153036, -0.0990346, -0.0411659, 0.0183104, 0.0770716, 0.132823, 0.183388, 0.226791, 0.261337, 0.285678, 0.298863, 0.300377, 0.290161, 0.268613, 0.236576, 0.1953, 0.146398, 0.0917785, 0.0335746, -0.0259275, -0.0845503, -0.135459, -0.205868, 0.18778
-0.00245658, -0.015972, -0.0351732, -0.0546212, -0.0719782, -0.0865292, -0.0977011, -0.105058, -0.108312, -0.107336, -0.102169, -0.0930114, -0.080222, -0.0642998, -0.0458666, -0.0256423, -0.00441661, 0.0169816, 0.0377166, 0.0569787, 0.0740157, 0.0881624, 0.0988661, 0.105709, 0.108424, 0.106905, 0.101211, 0.0915641, 0.078342, 0.0620605, 0.0433554, 0.0229573, 0.00166266, -0.0196969, -0.0402873, -0.0593044, -0.0760056, -0.0897387, -0.0999673, -0.106292, -0.108466, -0.106404, -0.100187, -0.0900578, -0.0764115, -0.0597811, -0.0408163, -0.0202575, 0.00109237, 0.0223996, 0.042832, 0.0615919, 0.0779464, 0.0912571, 0.101004, 0.106807, 0.108438, 0.105835, 0.0990993, 0.0884934, 0.0744316, 0.0574632, 0.0382508, 0.0175446, -0.00384669, -0.0250878, -0.0453492, -0.0638396, -0.079837, -0.0927167, -0.101976, -0.107252, -0.108341, -0.105198, -0.0979475, -0.0868719, -0.0724038, -0.0551082, -0.0356606, -0.0148204, 0.00659852, 0.0277598, 0.047837, 0.0660461, 0.081676, 0.0941164, 0.102881, 0.107629, 0.108173, 0.104493, 0.0967324, 0.0851943, 0.0703292, 0.0527177, 0.0330475, 0.0120866, -0.00934163, -0.030453, -0.0487862, -0.0741419, 0.18778
0.00199187, 0.0130186, 0.0286847, 0.0445526, 0.058715, 0.0705884, 0.0797053, 0.0857096, 0.0883668, 0.0875732, 0.0833597, 0.075891, 0.0654586, 0.0524699, 0.0374322, 0.0209328, 0.00361584, -0.0138423, -0.0307598, -0.0464762, -0.0603776, -0.0719211, -0.0806561, -0.0862413, -0.0884587, -0.0872216, -0.0825784, -0.0747105, -0.063925, -0.0506431, -0.0353836, -0.0187422, -0.001369, 0.0160577, 0.0328573, 0.0483738, 0.0620012, 0.0732074, 0.0815548, 0.0867173, 0.0884934, 0.0868137, 0.0817439, 0.0734818, 0.0623501, 0.0487836, 0.0333121, 0.0165396, -0.000878717, -0.0182627, -0.0349336, -0.0502402, -0.0635849, -0.0744465, -0.0824009, -0.0871374, -0.0884711, -0.0863499, -0.0808566, -0.0722057, -0.0607351, -0.0468927, -0.0312191, -0.0143263, 0.00312587, 0.020456, 0.0369873, 0.0520742, 0.0651276, 0.0756376, 0.0831939, 0.0875013, 0.0883917, 0.0858303, 0.0799171, 0.070883, 0.0590809, 0.0449715, 0.029106, 0.0121038, -0.00537101, -0.0226361, -0.0390172, -0.0538747, -0.0666282, -0.0767799, -0.0839332, -0.0878088, -0.0882553, -0.0852553, -0.0789261, -0.0695146, -0.0573885, -0.0430213, -0.0269741, -0.00987344, 0.00760903, 0.0248335, 0.0397917, 0.0604798, 0.18778
0.00636253, 0.0415008, 0.0914225, 0.141987, 0.187115, 0.224949, 0.253999, 0.27313, 0.281594, 0.279062, 0.265633, 0.24183, 0.208583, 0.167191, 0.119269, 0.0666904, 0.0115071, -0.0441255, -0.098035, -0.148116, -0.192413, -0.229196, -0.257029, -0.274824, -0.281887, -0.277942, -0.263143, -0.238068, -0.203696, -0.161369, -0.112741, -0.0597099, -0.00434721, 0.0511852, 0.104719, 0.154163, 0.197587, 0.233295, 0.259892, 0.27634, 0.281997, 0.276642, 0.260483, 0.234152, 0.198677, 0.155443, 0.10614, 0.0526909, -0.00281548, -0.0582119, -0.111335, -0.16011, -0.202633, -0.237243, -0.262588, -0.277679, -0.281926, -0.275163, -0.257655, -0.230085, -0.19353, -0.149417, -0.0994699, -0.0456379, 0.00997636, 0.065201, 0.117879, 0.165955, 0.207549, 0.241038, 0.265115, 0.278838, 0.281672, 0.273507, 0.254661, 0.22587, 0.188258, 0.143295, 0.092736, 0.0385554, -0.0171308, -0.072148, -0.124348, -0.171692, -0.212331, -0.244678, -0.26747, -0.279817, -0.281237, -0.271674, -0.251502, -0.221509, -0.182865, -0.13708, -0.0859423, -0.0314479, 0.0242625, 0.0791502, 0.126816, 0.19274, 0.18778
0.0104847, 0.0683623, 0.15059, 0.233876, 0.308208, 0.370526, 0.418374, 0.449884, 0.463825, 0.459654, 0.437532, 0.398325, 0.343562, 0.275382, 0.196449, 0.109844, 0.018949, -0.0726856, -0.161482, -0.243972, -0.316934, -0.37752, -0.423364, -0.452674, -0.464307, -0.457808, -0.433431, -0.392128, -0.335512, -0.265793, -0.185695, -0.0983457, -0.00715564, 0.0843139, 0.172491, 0.253932, 0.325456, 0.384272, 0.42808, 0.455172, 0.464489, 0.455666, 0.42905, 0.385678, 0.327245, 0.256033, 0.174822, 0.0867844, -0.0046423, -0.0958878, -0.183389, -0.263728, -0.333768, -0.390775, -0.432521, -0.457376, -0.464371, -0.453231, -0.424392, -0.378979, -0.318767, -0.246107, -0.163836, -0.0751671, 0.0164373, 0.1074, 0.194168, 0.273354, 0.341865, 0.397026, 0.436682, 0.459286, 0.463953, 0.450503, 0.41946, 0.372036, 0.310084, 0.236023, 0.152744, 0.0635014, -0.0282216, -0.118842, -0.204822, -0.282804, -0.349741, -0.403021, -0.440562, -0.460898, -0.463236, -0.447484, -0.414257, -0.364853, -0.301201, -0.225786, -0.141554, -0.0517943, 0.0399686, 0.130376, 0.208887, 0.317473, 0.18778
0.0141975, 0.0925542, 0.203877, 0.316632, 0.417266, 0.501633, 0.566411, 0.60907, 0.627944, 0.622295, 0.592346, 0.539264, 0.465124, 0.37282, 0.265957, 0.148707, 0.0256509, -0.0984073, -0.218622, -0.3303, -0.429079, -0.511102, -0.573166, -0.612847, -0.628595, -0.619796, -0.586793, -0.530875, -0.454225, -0.359838, -0.251398, -0.133141, -0.00968464, 0.11415, 0.233527, 0.343784, 0.440617, 0.520242, 0.579551, 0.616228, 0.628841, 0.616896, 0.580861, 0.522143, 0.443034, 0.346624, 0.236678, 0.117489, -0.00628784, -0.129819, -0.248281, -0.357047, -0.45187, -0.529046, -0.585563, -0.619213, -0.628681, -0.613599, -0.574555, -0.513074, -0.431556, -0.333186, -0.221804, -0.101761, 0.0222563, 0.145404, 0.262874, 0.370079, 0.462831, 0.537509, 0.591197, 0.621797, 0.628116, 0.609906, 0.567878, 0.503674, 0.419801, 0.319533, 0.206788, 0.0859675, -0.0382103, -0.160896, -0.277298, -0.382872, -0.473494, -0.545625, -0.596449, -0.623981, -0.627145, -0.605819, -0.560835, -0.493949, -0.407774, -0.305675, -0.191638, -0.070118, 0.0541138, 0.17651, 0.282801, 0.429808, 0.18778
0.0173558, 0.113132, 0.249202, 0.387023, 0.510028, 0.61315, 0.692328, 0.74447, 0.767539, 0.760635, 0.724027, 0.659145, 0.568523, 0.455698, 0.325078, 0.181764, 0.0313511, -0.120286, -0.267226, -0.40373, -0.524468, -0.624725, -0.700585, -0.749087, -0.768336, -0.75758, -0.71724, -0.648891, -0.555201, -0.43983, -0.307284, -0.162737, -0.0118354, 0.139528, 0.285443, 0.420212, 0.53857, 0.635896, 0.70839, 0.75322, 0.768636, 0.754036, 0.70999, 0.638217, 0.541522, 0.423679, 0.289291, 0.143605, -0.00768782, -0.158681, -0.303477, -0.436422, -0.552325, -0.646658, -0.715738, -0.756868, -0.768441, -0.750006, -0.702281, -0.627132, -0.527493, -0.407254, -0.271111, -0.124381, 0.0272061, 0.177731, 0.321315, 0.452351, 0.565723, 0.657002, 0.722624, 0.760027, 0.76775, 0.745491, 0.69412, 0.615643, 0.513123, 0.390566, 0.252756, 0.105076, -0.0467069, -0.196666, -0.338946, -0.467989, -0.578756, -0.666922, -0.729044, -0.762696, -0.766564, -0.740496, -0.685511, -0.603756, -0.498423, -0.373626, -0.234239, -0.0857036, 0.0661458, 0.215752, 0.345672, 0.525359, 0.18778
0.0198363, 0.129291, 0.284796, 0.442301, 0.582873, 0.700723, 0.79121, 0.850798, 0.877162, 0.869271, 0.827435, 0.753286, 0.64972, 0.520781, 0.371506, 0.207722, 0.035827, -0.137467, -0.305393, -0.461393, -0.599375, -0.713951, -0.800646, -0.856074, -0.878072, -0.86578, -0.819678, -0.741566, -0.634496, -0.502647, -0.351169, -0.185978, -0.0135241, 0.159458, 0.326213, 0.480229, 0.615491, 0.726718, 0.809565, 0.860798, 0.878416, 0.86173, 0.811392, 0.729368, 0.618862, 0.484188, 0.330606, 0.164114, -0.00878758, -0.181346, -0.346822, -0.498755, -0.63121, -0.739016, -0.817963, -0.864967, -0.878192, -0.857123, -0.802583, -0.7167, -0.602829, -0.465417, -0.30983, -0.142144, 0.0310936, 0.203117, 0.367208, 0.516959, 0.646522, 0.750838, 0.825832, 0.868577, 0.877403, 0.851964, 0.793256, 0.703569, 0.586408, 0.446346, 0.288854, 0.120082, -0.0533795, -0.224756, -0.387356, -0.53483, -0.661417, -0.762175, -0.833169, -0.871627, -0.876047, -0.846256, -0.783417, -0.689985, -0.569608, -0.426987, -0.267692, -0.0979423, 0.0755947, 0.246568, 0.395043, 0.600394, 0.18778
0.0215423, 0.140402, 0.309268, 0.480305, 0.632956, 0.760932, 0.859193, 0.923901, 0.95253, 0.943961, 0.89853, 0.818009, 0.705544, 0.565527, 0.403425, 0.225569, 0.0389038, -0.14928, -0.331635, -0.501039, -0.650876, -0.775296, -0.86944, -0.929631, -0.953518, -0.94017, -0.890106, -0.805283, -0.689012, -0.545834, -0.381341, -0.201956, -0.0146845, 0.173161, 0.354244, 0.521493, 0.668377, 0.789161, 0.879126, 0.934761, 0.953891, 0.935771, 0.881108, 0.792037, 0.672035, 0.52579, 0.359012, 0.178213, -0.00954418, -0.196929, -0.376624, -0.541611, -0.685447, -0.802516, -0.888245, -0.939287, -0.953649, -0.930769, -0.871542, -0.77828, -0.654625, -0.505406, -0.33645, -0.154356, 0.0337667, 0.220571, 0.398761, 0.561379, 0.702074, 0.815353, 0.896791, 0.943208, 0.952791, 0.925167, 0.861414, 0.764021, 0.636792, 0.484696, 0.313672, 0.130398, -0.0579675, -0.24407, -0.420641, -0.580785, -0.718249, -0.827664, -0.904758, -0.94652, -0.951319, -0.918968, -0.85073, -0.749269, -0.618549, -0.463674, -0.290691, -0.106356, 0.0820915, 0.267755, 0.428988, 0.651983, 0.18778
0.0224069, 0.14603, 0.321662, 0.499554, 0.658322, 0.791426, 0.893624, 0.960925, 0.990701, 0.981788, 0.934536, 0.850788, 0.733816, 0.588188, 0.41959, 0.234607, 0.0404613, -0.155264, -0.344926, -0.521118, -0.67696, -0.806366, -0.904281, -0.966884, -0.991729, -0.977845, -0.925775, -0.837552, -0.716622, -0.567706, -0.396621, -0.210048, -0.0152716, 0.180101, 0.36844, 0.542392, 0.695162, 0.820785, 0.914356, 0.972219, 0.992116, 0.97327, 0.916416, 0.823775, 0.698965, 0.546859, 0.373397, 0.185354, -0.00992806, -0.204822, -0.391717, -0.563316, -0.712916, -0.834675, -0.92384, -0.976927, -0.991864, -0.968068, -0.906467, -0.809467, -0.680857, -0.525658, -0.349931, -0.16054, 0.0351213, 0.229411, 0.414741, 0.583876, 0.730209, 0.848027, 0.932728, 0.981005, 0.990972, 0.962241, 0.895932, 0.794637, 0.662309, 0.504118, 0.32624, 0.135622, -0.0602918, -0.253852, -0.437498, -0.60406, -0.747032, -0.860831, -0.941015, -0.98445, -0.989441, -0.955793, -0.88482, -0.779294, -0.643335, -0.482253, -0.302339, -0.110617, 0.0853825, 0.278486, 0.44618, 0.67811, 0.18778
0.0223966, 0.145955, 0.321495, 0.499294, 0.657979, 0.791013, 0.893158, 0.960423, 0.990183, 0.981275, 0.934047, 0.850343, 0.733432, 0.58788, 0.41937, 0.234483, 0.0404388, -0.155184, -0.344747, -0.520847, -0.676607, -0.805945, -0.90381, -0.966379, -0.99121, -0.977334, -0.92529, -0.837114, -0.716246, -0.567409, -0.396413, -0.209937, -0.0152622, 0.180008, 0.368249, 0.54211, 0.6948, 0.820357, 0.913878, 0.971712, 0.991598, 0.972761, 0.915937, 0.823344, 0.698598, 0.546572, 0.3732, 0.185255, -0.00992424, -0.204716, -0.391514, -0.563022, -0.712544, -0.83424, -0.923358, -0.976417, -0.991346, -0.967562, -0.905993, -0.809043, -0.6805, -0.525382, -0.349747, -0.160454, 0.0351043, 0.229292, 0.414526, 0.583572, 0.729829, 0.847585, 0.932241, 0.980493, 0.990454, 0.961738, 0.895464, 0.794221, 0.661962, 0.503854, 0.326069, 0.13555, -0.0602617, -0.25372, -0.437271, -0.603745, -0.746642, -0.860382, -0.940523, -0.983935, -0.988924, -0.955293, -0.884357, -0.778886, -0.642998, -0.482, -0.302179, -0.110558, 0.0853393, 0.278342, 0.445948, 0.677757, 0.18778
0.0215116, 0.14018, 0.308774, 0.479536, 0.631941, 0.75971, 0.857812, 0.922416, 0.950998, 0.942442, 0.897082, 0.816691, 0.704406, 0.564614, 0.402772, 0.225202, 0.0388371, -0.149044, -0.331105, -0.500236, -0.649832, -0.774051, -0.868043, -0.928136, -0.951984, -0.938656, -0.888672, -0.803985, -0.687901, -0.544953, -0.380724, -0.201627, -0.0146569, 0.172886, 0.353677, 0.520657, 0.667305, 0.787893, 0.877713, 0.933257, 0.952356, 0.934265, 0.879689, 0.79076, 0.670951, 0.52494, 0.35843, 0.177923, -0.00953287, -0.196616, -0.376021, -0.540742, -0.684347, -0.801226, -0.886817, -0.937776, -0.952114, -0.929271, -0.870138, -0.777025, -0.653569, -0.504589, -0.335905, -0.154103, 0.0337164, 0.22022, 0.398123, 0.560479, 0.700947, 0.814043, 0.895349, 0.941691, 0.951258, 0.923677, 0.860026, 0.762789, 0.635765, 0.483913, 0.313163, 0.130184, -0.0578783, -0.243681, -0.419967, -0.579853, -0.717096, -0.826334, -0.903303, -0.944997, -0.949788, -0.917488, -0.849359, -0.748061, -0.617551, -0.462924, -0.29022, -0.106181, 0.0819634, 0.267328, 0.428301, 0.650937, 0.18778
0.0197866, 0.128931, 0.283994, 0.441052, 0.581225, 0.69874, 0.788968, 0.848387, 0.874674, 0.866805, 0.825086, 0.751146, 0.647872, 0.519299, 0.370446, 0.207127, 0.0357188, -0.137084, -0.304533, -0.46009, -0.59768, -0.71193, -0.798378, -0.853648, -0.875582, -0.863323, -0.817351, -0.739459, -0.632691, -0.501216, -0.350167, -0.185444, -0.0134791, 0.159012, 0.325294, 0.478872, 0.61375, 0.724661, 0.807272, 0.858358, 0.875924, 0.859284, 0.809088, 0.727296, 0.617102, 0.48281, 0.329663, 0.163642, -0.00876922, -0.180838, -0.345845, -0.497346, -0.629425, -0.736924, -0.815645, -0.862514, -0.875701, -0.854691, -0.800304, -0.714664, -0.601115, -0.464092, -0.308945, -0.141734, 0.0310119, 0.202547, 0.366172, 0.515498, 0.644693, 0.748712, 0.823492, 0.866114, 0.874914, 0.849546, 0.791003, 0.70157, 0.58474, 0.445075, 0.288029, 0.119735, -0.0532346, -0.224125, -0.386264, -0.533318, -0.659545, -0.760017, -0.830808, -0.869156, -0.873561, -0.843853, -0.781192, -0.688024, -0.567987, -0.42577, -0.266926, -0.097658, 0.0753868, 0.245875, 0.393929, 0.598696, 0.18778
0.0172889, 0.112647, 0.248124, 0.385344, 0.507811, 0.610482, 0.689314, 0.741227, 0.764194, 0.757318, 0.720868, 0.656267, 0.566038, 0.453705, 0.323653, 0.180963, 0.0312056, -0.11977, -0.266069, -0.401977, -0.522188, -0.622006, -0.697535, -0.745823, -0.764987, -0.754276, -0.71411, -0.646057, -0.552775, -0.437906, -0.305936, -0.162019, -0.011775, 0.138929, 0.284207, 0.418387, 0.536228, 0.633129, 0.705305, 0.749939, 0.765286, 0.750747, 0.706891, 0.63543, 0.539155, 0.421824, 0.288021, 0.142971, -0.00766312, -0.157998, -0.302162, -0.434527, -0.549923, -0.643843, -0.712621, -0.75357, -0.765091, -0.746734, -0.699216, -0.624393, -0.525187, -0.405471, -0.269921, -0.12383, 0.0270963, 0.176965, 0.319922, 0.450386, 0.563262, 0.654142, 0.719477, 0.756715, 0.764403, 0.742239, 0.69109, 0.612953, 0.51088, 0.388856, 0.251646, 0.10461, -0.0465121, -0.195817, -0.337476, -0.465955, -0.576239, -0.664019, -0.725869, -0.759372, -0.763221, -0.737265, -0.682518, -0.601118, -0.496243, -0.37199, -0.233209, -0.0853212, 0.0658662, 0.21482, 0.344173, 0.523076, 0.18778
0.014116, 0.0919644, 0.202565, 0.314587, 0.414567, 0.498385, 0.562741, 0.605121, 0.623871, 0.618257, 0.5885, 0.535761, 0.4621, 0.370393, 0.264222, 0.147732, 0.0254738, -0.0977795, -0.217214, -0.328167, -0.426304, -0.507793, -0.569452, -0.608874, -0.624518, -0.615773, -0.582983, -0.527425, -0.451271, -0.357495, -0.249758, -0.132267, -0.0096111, 0.11342, 0.232022, 0.341563, 0.437766, 0.516873, 0.575796, 0.612233, 0.624762, 0.612893, 0.577089, 0.51875, 0.440152, 0.344366, 0.235132, 0.116716, -0.00625777, -0.128987, -0.24668, -0.354739, -0.448946, -0.52562, -0.581768, -0.615198, -0.624603, -0.609616, -0.570824, -0.509739, -0.428749, -0.331016, -0.220356, -0.10109, 0.0221226, 0.144472, 0.261179, 0.367687, 0.459836, 0.534028, 0.587365, 0.617765, 0.624041, 0.605947, 0.56419, 0.5004, 0.417069, 0.317451, 0.205437, 0.0853992, -0.0379732, -0.159863, -0.275509, -0.380397, -0.470429, -0.542091, -0.592583, -0.619935, -0.623076, -0.601886, -0.557192, -0.490738, -0.40512, -0.303682, -0.190385, -0.0696525, 0.0537734, 0.175376, 0.280976, 0.427028, 0.18778
0.0103919, 0.0676902, 0.149095, 0.231546, 0.305133, 0.366825, 0.414192, 0.445385, 0.459184, 0.455052, 0.43315, 0.394332, 0.340115, 0.272616, 0.194472, 0.108732, 0.0187472, -0.0719703, -0.159877, -0.241541, -0.313772, -0.373749, -0.419132, -0.448147, -0.459661, -0.453224, -0.429089, -0.388197, -0.332145, -0.263123, -0.183826, -0.0973496, -0.00707183, 0.0834821, 0.170776, 0.251401, 0.322208, 0.380433, 0.423801, 0.450619, 0.45984, 0.451104, 0.424751, 0.381811, 0.323961, 0.25346, 0.173061, 0.0859039, -0.00460805, -0.0949401, -0.181565, -0.261099, -0.330437, -0.386871, -0.428197, -0.452801, -0.459723, -0.448692, -0.420139, -0.37518, -0.315568, -0.243634, -0.162185, -0.0744029, 0.016285, 0.106337, 0.192236, 0.270628, 0.338452, 0.393059, 0.432316, 0.454691, 0.459309, 0.445991, 0.415257, 0.368306, 0.306972, 0.23365, 0.151204, 0.0628538, -0.0279514, -0.117665, -0.202784, -0.279983, -0.346249, -0.398994, -0.436157, -0.456287, -0.4586, -0.443003, -0.410106, -0.361194, -0.298177, -0.223516, -0.140126, -0.0512638, 0.0395807, 0.129083, 0.206808, 0.314305, 0.18778
0.00626192, 0.0407726, 0.0898023, 0.139462, 0.183784, 0.22094, 0.249469, 0.268255, 0.276566, 0.274077, 0.260885, 0.237504, 0.204849, 0.164194, 0.117127, 0.0654866, 0.0112884, -0.0433505, -0.0962966, -0.145482, -0.188986, -0.225111, -0.252444, -0.269919, -0.276853, -0.272976, -0.258439, -0.233809, -0.200049, -0.158476, -0.110715, -0.0586307, -0.00425641, 0.0502841, 0.102861, 0.151421, 0.194068, 0.229136, 0.255256, 0.271408, 0.276961, 0.271699, 0.255826, 0.229963, 0.195119, 0.152656, 0.104232, 0.0517369, -0.00277837, -0.0571852, -0.109359, -0.157262, -0.199024, -0.233013, -0.257903, -0.272722, -0.276891, -0.270246, -0.253048, -0.225968, -0.190064, -0.146738, -0.0976811, -0.0448098, 0.00981135, 0.0640494, 0.115786, 0.163001, 0.203851, 0.23674, 0.260385, 0.27386, 0.276641, 0.268619, 0.250107, 0.221828, 0.184887, 0.140725, 0.0910674, 0.0378538, -0.016838, -0.0708723, -0.122139, -0.168636, -0.208547, -0.240315, -0.262698, -0.274822, -0.276214, -0.266819, -0.247005, -0.217545, -0.179589, -0.134621, -0.0843949, -0.0308732, 0.0238424, 0.0777493, 0.124563, 0.189308, 0.18778
0.00188744, 0.0122628, 0.0270031, 0.0419326, 0.0552569, 0.066427, 0.0750032, 0.0806503, 0.083148, 0.0823986, 0.0784315, 0.0714015, 0.0615831, 0.0493599, 0.0352091, 0.0196833, 0.0033889, -0.0130379, -0.0289555, -0.0437424, -0.056821, -0.0676808, -0.0758975, -0.0811503, -0.0832341, -0.0820675, -0.077696, -0.0702904, -0.0601399, -0.0476408, -0.0332813, -0.0176221, -0.00127476, 0.0151224, 0.030929, 0.0455277, 0.0583486, 0.0688908, 0.0767428, 0.0815979, 0.0832665, 0.0816834, 0.0769104, 0.069134, 0.0586578, 0.045891, 0.0313321, 0.0155495, -0.000840194, -0.0171971, -0.0328825, -0.0472837, -0.0598385, -0.0700565, -0.0775387, -0.0819929, -0.0832451, -0.0812466, -0.0760752, -0.067933, -0.057138, -0.0441116, -0.0293626, -0.0134669, 0.00295461, 0.0192608, 0.0348148, 0.0490092, 0.0612898, 0.0711769, 0.0782845, 0.0823349, 0.0831701, 0.0807573, 0.0751909, 0.0666882, 0.0555812, 0.0423037, 0.0273742, 0.0113756, -0.00506712, -0.021312, -0.0367246, -0.0507031, -0.0627015, -0.0722514, -0.0789798, -0.0826239, -0.0830414, -0.080216, -0.0742581, -0.0654003, -0.0539886, -0.0404685, -0.0253681, -0.00927695, 0.00717292, 0.0233795, 0.0374533, 0.056918, 0.18778
-0.00256074, -0.0167258, -0.0368506, -0.0572346, -0.0754276, -0.09068, -0.102391, -0.110104, -0.113517, -0.112497, -0.107084, -0.0974896, -0.0840876, -0.067402, -0.0480841, -0.0268886, -0.00464298, 0.0177839, 0.0395164, 0.0597056, 0.0775633, 0.092392, 0.103613, 0.110787, 0.113635, 0.112046, 0.106081, 0.0959731, 0.0821175, 0.0650552, 0.0454524, 0.0240746, 0.00175666, -0.0206299, -0.0422108, -0.0621433, -0.0796491, -0.0940444, -0.104767, -0.111399, -0.11368, -0.111522, -0.105009, -0.0943946, -0.0800945, -0.0626665, -0.0427913, -0.0212451, 0.00113079, 0.0234625, 0.044878, 0.0645409, 0.0816834, 0.0956361, 0.105854, 0.111938, 0.113651, 0.110926, 0.103869, 0.0927553, 0.0780197, 0.0602373, 0.0401026, 0.0184019, -0.00401752, -0.02628, -0.0475162, -0.0668969, -0.0836651, -0.0971661, -0.106873, -0.112406, -0.113549, -0.110258, -0.102662, -0.0910561, -0.0758946, -0.0577693, -0.0373881, -0.0155468, 0.00690165, 0.0290806, 0.0501238, 0.0692097, 0.0855929, 0.0986335, 0.107822, 0.112801, 0.113374, 0.10952, 0.101389, 0.0892982, 0.0737206, 0.0552641, 0.0346494, 0.0126816, -0.00977663, -0.0319033, -0.0511187, -0.0776948, 0.18778
-0.00690892, -0.0450613, -0.0992653, -0.154167, -0.203166, -0.244246, -0.275787, -0.296559, -0.30575, -0.303, -0.288419, -0.262574, -0.226475, -0.181532, -0.1295, -0.0724105, -0.0124936, 0.0479112, 0.106445, 0.160822, 0.208919, 0.248857, 0.279077, 0.298398, 0.306067, 0.301783, 0.285715, 0.258489, 0.221168, 0.175211, 0.122411, 0.0648312, 0.00471949, -0.0555765, -0.113702, -0.167388, -0.214536, -0.253307, -0.282186, -0.300045, -0.306187, -0.300372, -0.282827, -0.254237, -0.215719, -0.168777, -0.115244, -0.0572101, 0.00305762, 0.0632059, 0.120886, 0.173845, 0.220016, 0.257594, 0.285113, 0.301498, 0.306109, 0.298766, 0.279756, 0.249821, 0.210131, 0.162234, 0.108002, 0.0495521, -0.0108328, -0.0707945, -0.127992, -0.180191, -0.225353, -0.261715, -0.287856, -0.302757, -0.305834, -0.296968, -0.276505, -0.245245, -0.204407, -0.155586, -0.10069, -0.0418621, 0.0186009, 0.0783375, 0.135015, 0.18642, 0.230545, 0.265667, 0.290414, 0.30382, 0.305362, 0.294978, 0.273076, 0.24051, 0.198551, 0.148839, 0.0933138, 0.0341449, -0.0263444, -0.0859403, -0.137694, -0.209273, 0.18778
-0.0109873, -0.0716371, -0.157804, -0.245079, -0.322971, -0.388274, -0.438414, -0.471433, -0.486042, -0.481671, -0.458489, -0.417404, -0.360018, -0.288572, -0.205858, -0.115105, -0.0198562, 0.0761676, 0.169217, 0.255658, 0.332115, 0.395603, 0.443642, 0.474357, 0.486546, 0.479736, 0.454191, 0.41091, 0.351582, 0.278524, 0.19459, 0.103056, 0.00749801, -0.0883528, -0.180753, -0.266095, -0.341046, -0.402678, -0.448585, -0.476974, -0.486737, -0.477492, -0.4496, -0.404151, -0.342919, -0.268296, -0.183196, -0.0909409, 0.00486504, 0.100481, 0.192173, 0.276361, 0.349756, 0.409492, 0.453238, 0.479284, 0.486613, 0.47494, 0.444719, 0.397132, 0.334036, 0.257895, 0.171683, 0.0787672, -0.017225, -0.112544, -0.203469, -0.286448, -0.35824, -0.416043, -0.457599, -0.481285, -0.486176, -0.472081, -0.439551, -0.389856, -0.324936, -0.247328, -0.16006, -0.0665426, 0.0295738, 0.124535, 0.214633, 0.29635, 0.366494, 0.422325, 0.461664, 0.482975, 0.485425, 0.468918, 0.434099, 0.382329, 0.315627, 0.236601, 0.148334, 0.0542748, -0.0418834, -0.136621, -0.218893, -0.33268, 0.18778
-0.0146366, -0.0954154, -0.210179, -0.32642, -0.430164, -0.517139, -0.583919, -0.627897, -0.647354, -0.641531, -0.610656, -0.555934, -0.479501, -0.384344, -0.274177, -0.153304, -0.0264435, 0.101449, 0.225381, 0.34051, 0.442343, 0.526901, 0.590883, 0.631791, 0.648026, 0.638954, 0.604931, 0.547285, 0.468266, 0.370961, 0.259169, 0.137256, 0.00998373, -0.117679, -0.240746, -0.354411, -0.454237, -0.536323, -0.597466, -0.635277, -0.648279, -0.635965, -0.598816, -0.538283, -0.456728, -0.357338, -0.243993, -0.12112, 0.00648248, 0.133832, 0.255956, 0.368084, 0.465837, 0.5454, 0.603663, 0.638353, 0.648115, 0.632566, 0.592315, 0.528933, 0.444896, 0.343485, 0.22866, 0.104906, -0.0229445, -0.149899, -0.271, -0.381518, -0.477138, -0.554124, -0.609471, -0.641018, -0.647532, -0.628759, -0.585432, -0.519243, -0.432777, -0.32941, -0.21318, -0.0886246, 0.0393917, 0.16587, 0.28587, 0.394707, 0.48813, 0.562491, 0.614886, 0.643269, 0.646531, 0.624546, 0.578171, 0.509217, 0.420378, 0.315123, 0.197562, 0.0722852, -0.0557868, -0.181967, -0.291543, -0.443094, 0.18778
-0.0177143, -0.115468, -0.254347, -0.395014, -0.520558, -0.625809, -0.706622, -0.75984, -0.783386, -0.776339, -0.738975, -0.672753, -0.58026, -0.465106, -0.33179, -0.185516, -0.0319981, 0.12277, 0.272743, 0.412065, 0.535296, 0.637623, 0.715049, 0.764552, 0.784198, 0.773221, 0.732048, 0.662287, 0.566663, 0.448911, 0.313627, 0.166097, 0.0120796, -0.142409, -0.291337, -0.428887, -0.549689, -0.649025, -0.723015, -0.768771, -0.784505, -0.769604, -0.724648, -0.651393, -0.552701, -0.432426, -0.295263, -0.14657, 0.00784676, 0.161957, 0.309743, 0.445433, 0.563728, 0.660008, 0.730515, 0.772494, 0.784306, 0.76549, 0.71678, 0.640079, 0.538383, 0.415661, 0.276708, 0.126949, -0.027768, -0.1814, -0.327949, -0.461691, -0.577403, -0.670566, -0.737543, -0.775718, -0.783601, -0.760882, -0.70845, -0.628353, -0.523717, -0.398629, -0.257974, -0.107246, 0.0476714, 0.200727, 0.345943, 0.477651, 0.590705, 0.680691, 0.744096, 0.778442, 0.78239, 0.755784, 0.699663, 0.61622, 0.508713, 0.38134, 0.239075, 0.0874727, -0.0675116, -0.220206, -0.352809, -0.536206, 0.18778
-0.0201003, -0.131011, -0.288583, -0.448182, -0.590624, -0.710041, -0.80173, -0.862111, -0.888825, -0.88083, -0.838437, -0.763302, -0.658358, -0.527706, -0.376445, -0.210484, -0.0363031, 0.139295, 0.309454, 0.467528, 0.607345, 0.723444, 0.811292, 0.867457, 0.889747, 0.877292, 0.830577, 0.751426, 0.642932, 0.50933, 0.355838, 0.188451, 0.0137037, -0.161578, -0.330551, -0.486615, -0.623676, -0.736381, -0.82033, -0.872244, -0.890095, -0.873188, -0.822181, -0.739066, -0.627091, -0.490626, -0.335002, -0.166296, 0.00890462, 0.183757, 0.351434, 0.505387, 0.639604, 0.748843, 0.828839, 0.876468, 0.889869, 0.86852, 0.813254, 0.72623, 0.610845, 0.471606, 0.31395, 0.144034, -0.0315072, -0.205818, -0.372091, -0.523833, -0.655119, -0.760822, -0.836813, -0.880126, -0.889069, -0.863292, -0.803803, -0.712924, -0.594205, -0.452281, -0.292695, -0.121679, 0.0540894, 0.227745, 0.392507, 0.541941, 0.670212, 0.772309, 0.844248, 0.883217, 0.887695, 0.857508, 0.793834, 0.699159, 0.577182, 0.432664, 0.271251, 0.0992444, -0.0766, -0.249847, -0.400296, -0.608377, 0.18778
-0.0217013, -0.141437, -0.311548, -0.483848, -0.637625, -0.766544, -0.86553, -0.930715, -0.959555, -0.950923, -0.905156, -0.824042, -0.710747, -0.569697, -0.4064, -0.227232, -0.0391905, 0.150382, 0.334081, 0.504734, 0.655677, 0.781014, 0.875852, 0.936487, 0.96055, 0.947103, 0.89667, 0.811221, 0.694093, 0.54986, 0.384153, 0.203445, 0.0147926, -0.174438, -0.356856, -0.525339, -0.673307, -0.794981, -0.88561, -0.941654, -0.960926, -0.942673, -0.887606, -0.797878, -0.676991, -0.529667, -0.361659, -0.179528, 0.00961475, 0.198382, 0.379401, 0.545605, 0.690502, 0.808434, 0.894796, 0.946214, 0.960682, 0.937634, 0.87797, 0.78402, 0.659453, 0.509133, 0.338931, 0.155494, -0.0340159, -0.222197, -0.401702, -0.565519, -0.707252, -0.821366, -0.903404, -0.950164, -0.959818, -0.93199, -0.867766, -0.769656, -0.641489, -0.488271, -0.315985, -0.13136, 0.0583952, 0.24587, 0.423743, 0.585068, 0.723546, 0.833768, 0.91143, 0.9535, 0.958335, 0.925745, 0.857003, 0.754795, 0.623111, 0.467093, 0.292835, 0.10714, -0.0826971, -0.26973, -0.432152, -0.656791, 0.18778
-0.0224549, -0.146341, -0.322348, -0.500619, -0.659725, -0.793113, -0.895529, -0.962974, -0.992813, -0.983881, -0.936528, -0.852602, -0.735381, -0.589442, -0.420484, -0.235106, -0.0405474, 0.155595, 0.345661, 0.522229, 0.678403, 0.808085, 0.906209, 0.968945, 0.993843, 0.979929, 0.927748, 0.839337, 0.718149, 0.568916, 0.397467, 0.210495, 0.0153039, -0.180485, -0.369226, -0.543548, -0.696644, -0.822535, -0.916305, -0.974292, -0.994231, -0.975345, -0.91837, -0.825531, -0.700455, -0.548024, -0.374193, -0.185749, 0.0099494, 0.205259, 0.392553, 0.564517, 0.714435, 0.836455, 0.925809, 0.97901, 0.993979, 0.970131, 0.908399, 0.811193, 0.682308, 0.526778, 0.350677, 0.160882, -0.0351963, -0.2299, -0.415626, -0.585121, -0.731766, -0.849835, -0.934716, -0.983096, -0.993085, -0.964292, -0.897842, -0.796331, -0.663721, -0.505193, -0.326936, -0.135911, 0.0604205, 0.254393, 0.438431, 0.605347, 0.748624, 0.862667, 0.943021, 0.986548, 0.99155, 0.95783, 0.886706, 0.780955, 0.644706, 0.483281, 0.302983, 0.110852, -0.0855647, -0.27908, -0.447131, -0.679556, 0.18778
-0.0223315, -0.14553, -0.320559, -0.49784, -0.656063, -0.78871, -0.890557, -0.957627, -0.9873, -0.978418, -0.931327, -0.847867, -0.731296, -0.586168, -0.418148, -0.2338, -0.0403209, 0.154732, 0.343743, 0.51933, 0.674637, 0.803598, 0.901178, 0.963565, 0.988324, 0.974488, 0.922596, 0.834676, 0.71416, 0.565756, 0.395258, 0.209325, 0.0152176, -0.179484, -0.367177, -0.540531, -0.692777, -0.817968, -0.911217, -0.968882, -0.988711, -0.969929, -0.91327, -0.820946, -0.696564, -0.54498, -0.372114, -0.184716, 0.00989552, 0.20412, 0.390374, 0.561383, 0.710469, 0.831811, 0.920669, 0.973574, 0.988459, 0.964744, 0.903354, 0.806687, 0.678518, 0.523852, 0.348729, 0.159987, -0.0350023, -0.228625, -0.413319, -0.581873, -0.727704, -0.845117, -0.929527, -0.977637, -0.98757, -0.958937, -0.892856, -0.791908, -0.660035, -0.502386, -0.325119, -0.135155, 0.0600864, 0.252982, 0.435998, 0.601987, 0.744468, 0.857877, 0.937785, 0.98107, 0.986044, 0.952511, 0.881782, 0.776618, 0.641125, 0.480596, 0.301299, 0.110236, -0.085091, -0.277532, -0.44465, -0.675784, 0.18778
-0.0213361, -0.139035, -0.306252, -0.47562, -0.626781, -0.753506, -0.850807, -0.914883, -0.943232, -0.934746, -0.889757, -0.810021, -0.698654, -0.560003, -0.399483, -0.223363, -0.0385198, 0.147827, 0.328401, 0.496151, 0.644526, 0.76773, 0.860954, 0.920557, 0.94421, 0.930991, 0.881415, 0.797419, 0.682283, 0.540502, 0.377615, 0.199981, 0.014537, -0.171474, -0.350789, -0.516406, -0.661855, -0.781459, -0.870546, -0.925636, -0.944579, -0.926635, -0.872505, -0.784303, -0.665472, -0.520654, -0.355503, -0.17647, 0.0094552, 0.195011, 0.372951, 0.536327, 0.678758, 0.794684, 0.879575, 0.930118, 0.944339, 0.921682, 0.863032, 0.77068, 0.648231, 0.500469, 0.333162, 0.152845, -0.0334413, -0.218421, -0.394872, -0.555902, -0.695223, -0.807395, -0.888038, -0.934001, -0.94349, -0.916134, -0.853003, -0.75656, -0.630573, -0.479961, -0.310606, -0.129121, 0.0574058, 0.241691, 0.416538, 0.575118, 0.71124, 0.819586, 0.895927, 0.93728, 0.942032, 0.909995, 0.842423, 0.741952, 0.612507, 0.459144, 0.287849, 0.105314, -0.0812943, -0.265145, -0.424804, -0.645621, 0.18778
-0.0195075, -0.127111, -0.279986, -0.434827, -0.573022, -0.688878, -0.777833, -0.836412, -0.862329, -0.854571, -0.81344, -0.740544, -0.638728, -0.511969, -0.365217, -0.204203, -0.0352144, 0.135149, 0.300235, 0.453597, 0.589244, 0.701881, 0.787109, 0.841599, 0.863223, 0.851138, 0.805814, 0.729022, 0.623761, 0.494141, 0.345225, 0.182826, 0.0132887, -0.156768, -0.320703, -0.472114, -0.605088, -0.714433, -0.795878, -0.846243, -0.863561, -0.847156, -0.797668, -0.717031, -0.608392, -0.475995, -0.325009, -0.161332, 0.00864565, 0.178286, 0.340963, 0.490326, 0.620541, 0.726523, 0.804133, 0.850341, 0.863341, 0.842627, 0.789008, 0.704576, 0.59263, 0.457541, 0.304585, 0.139733, -0.0305744, -0.199688, -0.361004, -0.508222, -0.635594, -0.738144, -0.811869, -0.85389, -0.862565, -0.837555, -0.779838, -0.691668, -0.576486, -0.438793, -0.283963, -0.118045, 0.0524834, 0.220962, 0.380812, 0.525791, 0.650236, 0.74929, 0.819082, 0.856888, 0.861232, 0.831943, 0.770166, 0.678313, 0.55997, 0.419761, 0.263159, 0.0962794, -0.0743229, -0.242405, -0.388369, -0.590246, 0.18778
-0.0169171, -0.110224, -0.242786, -0.377053, -0.496885, -0.597347, -0.674482, -0.725278, -0.747751, -0.741023, -0.705358, -0.642147, -0.553859, -0.443942, -0.316689, -0.177069, -0.0305339, 0.117193, 0.260344, 0.393328, 0.510952, 0.608623, 0.682526, 0.729776, 0.748527, 0.738047, 0.698745, 0.632156, 0.540881, 0.428483, 0.299353, 0.158533, 0.0115214, -0.13594, -0.278092, -0.409385, -0.524691, -0.619507, -0.69013, -0.733803, -0.748819, -0.734594, -0.691681, -0.621758, -0.527554, -0.412748, -0.281824, -0.139894, 0.00749847, 0.154598, 0.295661, 0.425178, 0.538091, 0.62999, 0.697288, 0.737356, 0.748629, 0.730667, 0.684172, 0.610958, 0.513886, 0.396746, 0.264113, 0.121166, -0.0265135, -0.173157, -0.313039, -0.440696, -0.551143, -0.640068, -0.703997, -0.740433, -0.747955, -0.726269, -0.67622, -0.599765, -0.499887, -0.380489, -0.246231, -0.102359, 0.0455115, 0.191604, 0.330215, 0.45593, 0.56384, 0.649732, 0.710251, 0.743033, 0.7468, 0.721402, 0.667833, 0.588184, 0.485566, 0.363986, 0.228191, 0.0834852, -0.0644492, -0.210198, -0.336768, -0.511821, 0.18778
-0.013666, -0.0890315, -0.196104, -0.304554, -0.401345, -0.48249, -0.544793, -0.585821, -0.603973, -0.598538, -0.56973, -0.518673, -0.447361, -0.358579, -0.255794, -0.14302, -0.024661, 0.0946612, 0.210287, 0.3177, 0.412707, 0.491597, 0.55129, 0.589454, 0.604599, 0.596134, 0.564389, 0.510603, 0.436878, 0.346093, 0.241791, 0.128048, 0.00930428, -0.109803, -0.224622, -0.33067, -0.423804, -0.500388, -0.557431, -0.592706, -0.604835, -0.593345, -0.558683, -0.502204, -0.426114, -0.333383, -0.227633, -0.112993, 0.00605846, 0.124874, 0.238813, 0.343425, 0.434627, 0.508856, 0.563213, 0.595576, 0.604682, 0.590173, 0.552617, 0.493481, 0.415074, 0.320458, 0.213327, 0.0978659, -0.0214173, -0.139864, -0.252849, -0.35596, -0.44517, -0.516996, -0.568632, -0.598062, -0.604138, -0.58662, -0.546195, -0.48444, -0.403767, -0.307326, -0.198884, -0.0826752, 0.0367623, 0.154764, 0.266722, 0.368265, 0.455426, 0.524802, 0.573683, 0.600162, 0.603204, 0.582689, 0.53942, 0.475086, 0.392199, 0.293996, 0.184313, 0.0674307, -0.0520586, -0.169783, -0.272015, -0.413409, 0.18778
-0.00988131, -0.0643625, -0.141765, -0.220162, -0.290131, -0.34879, -0.393828, -0.423487, -0.436608, -0.432679, -0.411853, -0.374944, -0.323393, -0.259213, -0.18491, -0.103386, -0.0178251, 0.0684322, 0.152017, 0.229665, 0.298345, 0.355374, 0.398525, 0.426113, 0.437061, 0.430941, 0.407992, 0.369111, 0.315815, 0.250186, 0.174788, 0.092563, 0.00672376, -0.079378, -0.16238, -0.239041, -0.306367, -0.361729, -0.402965, -0.428464, -0.437232, -0.428925, -0.403868, -0.363039, -0.308033, -0.240998, -0.164552, -0.0816801, 0.00438187, 0.0902727, 0.172638, 0.248262, 0.314191, 0.36785, 0.407144, 0.430539, 0.437121, 0.426632, 0.399483, 0.356733, 0.300053, 0.231655, 0.154211, 0.0707444, -0.0154847, -0.101109, -0.182785, -0.257323, -0.321812, -0.373734, -0.411061, -0.432336, -0.436727, -0.424064, -0.39484, -0.350197, -0.291879, -0.222162, -0.14377, -0.0597631, 0.0265775, 0.11188, 0.192814, 0.266218, 0.329226, 0.379377, 0.414713, 0.433854, 0.436052, 0.421222, 0.389943, 0.343436, 0.283517, 0.212526, 0.133236, 0.048743, -0.0376351, -0.122737, -0.19664, -0.298853, 0.18778
-0.00571071, -0.0371801, -0.081889, -0.127173, -0.167588, -0.20147, -0.227484, -0.244615, -0.252194, -0.249924, -0.237894, -0.216574, -0.186796, -0.149724, -0.106805, -0.0597149, -0.010293, 0.0395309, 0.087811, 0.132662, 0.172332, 0.205273, 0.230197, 0.246132, 0.252455, 0.24892, 0.235663, 0.213204, 0.182419, 0.14451, 0.100958, 0.0534632, 0.00388068, -0.0458534, -0.0937968, -0.138077, -0.176966, -0.208943, -0.232762, -0.24749, -0.252554, -0.247755, -0.233281, -0.209697, -0.177924, -0.139203, -0.0950458, -0.047177, 0.00253416, 0.0521463, 0.0997221, 0.143404, 0.181485, 0.212479, 0.235176, 0.248688, 0.252489, 0.24643, 0.230748, 0.206054, 0.173314, 0.133806, 0.0890723, 0.0408603, -0.00894735, -0.0584056, -0.105583, -0.148637, -0.185887, -0.215878, -0.237438, -0.249726, -0.252262, -0.244947, -0.228066, -0.202279, -0.168593, -0.128323, -0.0830414, -0.0345173, 0.0153548, 0.0646272, 0.111376, 0.153775, 0.190169, 0.219137, 0.239547, 0.250603, 0.251872, 0.243305, 0.225237, 0.198373, 0.163763, 0.122757, 0.076957, 0.0281519, -0.0217419, -0.0708982, -0.113586, -0.172626, 0.18778
-0.00131709, -0.0085458, -0.0188155, -0.029217, -0.0385, -0.0462821, -0.0522569, -0.0561909, -0.0579307, -0.0574082, -0.0546438, -0.0497455, -0.0429046, -0.0343882, -0.0245288, -0.0137117, -0.002359, 0.00908578, 0.0201757, 0.0304778, 0.0395897, 0.0471555, 0.0528799, 0.0565392, 0.0579906, 0.0571774, 0.0541313, 0.0489714, 0.041899, 0.0331904, 0.0231857, 0.0122756, 0.000886045, -0.0105381, -0.0215507, -0.0317217, -0.0406539, -0.0479986, -0.0534688, -0.056851, -0.0580131, -0.0569097, -0.0535839, -0.0481656, -0.0408664, -0.0319713, -0.0218276, -0.0108316, 0.000587481, 0.0119836, 0.0229117, 0.0329451, 0.0416919, 0.0488106, 0.0540232, 0.0571261, 0.0579982, 0.0566054, 0.053002, 0.0473288, 0.0398074, 0.0307315, 0.0204554, 0.00938056, -0.00206063, -0.0134213, -0.0242579, -0.0341472, -0.042703, -0.0495912, -0.0545428, -0.0573644, -0.0579459, -0.0562645, -0.0523858, -0.0464615, -0.0387228, -0.0294719, -0.01907, -0.00792351, 0.00353244, 0.0148505, 0.0255885, 0.0353273, 0.0436866, 0.0503398, 0.0550272, 0.0575657, 0.0578561, 0.0558873, 0.0517359, 0.0455642, 0.0376131, 0.0281932, 0.0176724, 0.00646131, -0.00499959, -0.0162909, -0.0260962, -0.0396573, 0.18778
0.00312795, 0.0204223, 0.0449928, 0.0698797, 0.0920915, 0.110713, 0.125011, 0.134428, 0.138595, 0.137349, 0.13074, 0.119025, 0.102662, 0.0822905, 0.0587051, 0.0328271, 0.00566713, -0.0217141, -0.0482474, -0.0728965, -0.094699, -0.112803, -0.126502, -0.135262, -0.138739, -0.136798, -0.129515, -0.117174, -0.100257, -0.0794253, -0.0554919, -0.0293914, -0.00214319, 0.0251888, 0.051537, 0.0758727, 0.0972455, 0.114821, 0.127912, 0.136008, 0.138793, 0.136158, 0.128205, 0.115247, 0.0977871, 0.0765089, 0.052243, 0.0259368, -0.00138214, -0.0286471, -0.0547934, -0.0788, -0.0997293, -0.116764, -0.129239, -0.136667, -0.138758, -0.13543, -0.126814, -0.113245, -0.095254, -0.0735431, -0.0489603, -0.0224655, 0.00490657, 0.0320871, 0.0580145, 0.0816764, 0.102149, 0.118632, 0.130483, 0.137238, 0.138633, 0.134615, 0.12534, 0.11117, 0.0926594, 0.0705299, 0.0456461, 0.0189797, -0.00842784, -0.0355063, -0.0611981, -0.0845001, -0.104502, -0.120423, -0.131642, -0.13772, -0.138419, -0.133713, -0.123786, -0.109024, -0.0900051, -0.0674711, -0.0423024, -0.0154816, 0.0119379, 0.0389526, 0.0624127, 0.0948596, 0.18778
0.00745085, 0.0485928, 0.107044, 0.166247, 0.219087, 0.263385, 0.297398, 0.319797, 0.329708, 0.326743, 0.311018, 0.283148, 0.24422, 0.195756, 0.139646, 0.0780838, 0.0134719, -0.051666, -0.114786, -0.173424, -0.22529, -0.268357, -0.300945, -0.32178, -0.33005, -0.32543, -0.308103, -0.278743, -0.238498, -0.188939, -0.132002, -0.0699107, -0.00508873, 0.0599319, 0.122612, 0.180504, 0.231347, 0.273156, 0.304298, 0.323556, 0.330179, 0.323908, 0.304988, 0.274158, 0.232622, 0.182001, 0.124273, 0.0616924, -0.00329778, -0.0681592, -0.130359, -0.187468, -0.237256, -0.277779, -0.307454, -0.325123, -0.330095, -0.322177, -0.301677, -0.269397, -0.226596, -0.174946, -0.116464, -0.0534343, 0.0116822, 0.0763424, 0.138021, 0.19431, 0.243011, 0.282222, 0.310412, 0.32648, 0.329799, 0.320238, 0.298171, 0.264461, 0.220423, 0.167777, 0.10858, 0.0451417, -0.020059, -0.0844764, -0.145595, -0.201028, -0.24861, -0.286484, -0.31317, -0.327627, -0.329289, -0.318092, -0.294473, -0.259355, -0.214108, -0.160501, -0.100625, -0.0368198, 0.0284093, 0.092675, 0.148484, 0.225672, 0.18778
0.0114828, 0.0748657, 0.164915, 0.256123, 0.337526, 0.405771, 0.45817, 0.492678, 0.507945, 0.503377, 0.479151, 0.436213, 0.376241, 0.301576, 0.215134, 0.120291, 0.0207507, -0.0796003, -0.176843, -0.267179, -0.347082, -0.413431, -0.463635, -0.495733, -0.508472, -0.501355, -0.474659, -0.429427, -0.367425, -0.291075, -0.203358, -0.1077, -0.00783554, 0.0923347, 0.188899, 0.278087, 0.356415, 0.420824, 0.4688, 0.498469, 0.508671, 0.49901, 0.469861, 0.422364, 0.358372, 0.280386, 0.191451, 0.0950387, -0.00508464, -0.105009, -0.200834, -0.288815, -0.365517, -0.427946, -0.473663, -0.500883, -0.508542, -0.496342, -0.46476, -0.415028, -0.349088, -0.269517, -0.17942, -0.0823164, 0.0180015, 0.117616, 0.212638, 0.299356, 0.374384, 0.434792, 0.47822, 0.502973, 0.508085, 0.493355, 0.459359, 0.407424, 0.339579, 0.258473, 0.167273, 0.0695409, -0.0309068, -0.130148, -0.224306, -0.309705, -0.383009, -0.441357, -0.482469, -0.50474, -0.5073, -0.490049, -0.453661, -0.399558, -0.329851, -0.247262, -0.155018, -0.0567203, 0.0437712, 0.142778, 0.228757, 0.347672, 0.18778
0.0150663, 0.0982151, 0.216346, 0.335997, 0.442785, 0.532311, 0.601051, 0.646319, 0.666347, 0.660353, 0.628572, 0.572244, 0.493569, 0.39562, 0.282221, 0.157801, 0.0272191, -0.104426, -0.231993, -0.350501, -0.455321, -0.54236, -0.608219, -0.650327, -0.667038, -0.657701, -0.622679, -0.563341, -0.482004, -0.381844, -0.266772, -0.141283, -0.0102764, 0.121132, 0.247809, 0.36481, 0.467564, 0.552059, 0.614995, 0.653915, 0.667299, 0.654624, 0.616385, 0.554075, 0.470128, 0.367822, 0.251152, 0.124674, -0.00667294, -0.137759, -0.263465, -0.378883, -0.479505, -0.561401, -0.621374, -0.657082, -0.66713, -0.651125, -0.609693, -0.544452, -0.457949, -0.353562, -0.235369, -0.107984, 0.0236179, 0.154297, 0.278952, 0.392712, 0.491137, 0.570382, 0.627353, 0.659825, 0.66653, 0.647206, 0.602608, 0.534477, 0.445474, 0.339075, 0.219434, 0.0912245, -0.0405477, -0.170736, -0.294258, -0.406288, -0.502452, -0.578994, -0.632926, -0.662142, -0.6655, -0.642869, -0.595133, -0.524157, -0.432712, -0.324368, -0.203358, -0.0744057, 0.0574238, 0.187306, 0.300097, 0.456094, 0.18778
0.0180615, 0.117729, 0.259328, 0.402749, 0.530752, 0.638064, 0.720459, 0.77472, 0.798727, 0.791542, 0.753446, 0.685928, 0.591623, 0.474214, 0.338287, 0.189149, 0.0326245, -0.125174, -0.278084, -0.420135, -0.545779, -0.650109, -0.729052, -0.779524, -0.799555, -0.788362, -0.746383, -0.675256, -0.57776, -0.457701, -0.319769, -0.169349, -0.0123159, 0.145198, 0.297042, 0.437286, 0.560454, 0.661735, 0.737174, 0.783826, 0.799868, 0.784674, 0.738838, 0.664149, 0.563525, 0.440893, 0.301045, 0.14944, -0.00800065, -0.165129, -0.315809, -0.454156, -0.574767, -0.672933, -0.744821, -0.787621, -0.799665, -0.78048, -0.730817, -0.652614, -0.548926, -0.423801, -0.282126, -0.129435, 0.028312, 0.184953, 0.334371, 0.470732, 0.58871, 0.683698, 0.751986, 0.790909, 0.798946, 0.775782, 0.722324, 0.640657, 0.533972, 0.406435, 0.263026, 0.109346, -0.0486051, -0.204658, -0.352718, -0.487004, -0.602273, -0.694021, -0.758667, -0.793686, -0.797711, -0.770584, -0.713365, -0.628287, -0.518675, -0.388807, -0.243756, -0.0891855, 0.0688339, 0.224519, 0.359718, 0.546706, 0.18778
0.0203513, 0.132645, 0.292183, 0.453774, 0.597993, 0.7189, 0.811733, 0.872867, 0.899915, 0.89182, 0.848898, 0.772825, 0.666573, 0.53429, 0.381142, 0.21311, 0.0367559, -0.141034, -0.313315, -0.473362, -0.614923, -0.732471, -0.821414, -0.87828, -0.900849, -0.888238, -0.84094, -0.760802, -0.650954, -0.515685, -0.360278, -0.190802, -0.0138745, 0.163595, 0.334675, 0.492686, 0.631457, 0.745569, 0.830565, 0.883127, 0.901201, 0.884082, 0.832439, 0.748288, 0.634915, 0.496748, 0.339182, 0.16837, -0.00901592, -0.18605, -0.355819, -0.511693, -0.647584, -0.758186, -0.83918, -0.887403, -0.900972, -0.879357, -0.823401, -0.735291, -0.618466, -0.47749, -0.317867, -0.145831, 0.0319005, 0.208386, 0.376733, 0.530369, 0.663293, 0.770314, 0.847254, 0.891107, 0.900162, 0.874064, 0.813832, 0.721819, 0.601619, 0.457924, 0.296347, 0.123197, -0.0547645, -0.230587, -0.397405, -0.548703, -0.678574, -0.781946, -0.854781, -0.894237, -0.898771, -0.868207, -0.803738, -0.707882, -0.584383, -0.438063, -0.274635, -0.100482, 0.0775559, 0.252964, 0.405291, 0.615968, 0.18778
0.0218464, 0.142382, 0.313628, 0.487078, 0.641881, 0.771661, 0.871308, 0.936928, 0.965961, 0.957271, 0.911199, 0.829543, 0.715492, 0.5735, 0.409113, 0.228749, 0.0394519, -0.151386, -0.336311, -0.508104, -0.660054, -0.786228, -0.881699, -0.942739, -0.966963, -0.953426, -0.902656, -0.816637, -0.698727, -0.55353, -0.386718, -0.204803, -0.0148912, 0.175603, 0.359239, 0.528846, 0.677801, 0.800288, 0.891522, 0.94794, 0.967341, 0.948966, 0.893532, 0.803204, 0.681511, 0.533203, 0.364073, 0.180726, -0.00967913, -0.199706, -0.381934, -0.549247, -0.695112, -0.813831, -0.900769, -0.952531, -0.967095, -0.943893, -0.883831, -0.789253, -0.663855, -0.512532, -0.341194, -0.156532, 0.0342432, 0.223681, 0.404383, 0.569294, 0.711974, 0.826849, 0.909435, 0.956507, 0.966225, 0.938212, 0.873559, 0.774793, 0.645771, 0.49153, 0.318094, 0.132237, -0.0587852, -0.247511, -0.426572, -0.588974, -0.728376, -0.839334, -0.917515, -0.959866, -0.964732, -0.931925, -0.862724, -0.759834, -0.62727, -0.470211, -0.29479, -0.107855, 0.0832493, 0.271531, 0.435037, 0.661176, 0.18778
0.0224886, 0.146558, 0.322826, 0.501361, 0.660703, 0.794289, 0.896856, 0.964401, 0.994284, 0.985339, 0.937916, 0.853865, 0.73647, 0.590315, 0.421107, 0.235455, 0.0406071, -0.155826, -0.346174, -0.523003, -0.679409, -0.809282, -0.907553, -0.970381, -0.995316, -0.981381, -0.929123, -0.840581, -0.719213, -0.569759, -0.398055, -0.210807, -0.0153262, 0.180753, 0.369774, 0.544354, 0.697677, 0.823754, 0.917663, 0.975736, 0.995705, 0.97679, 0.919731, 0.826754, 0.701492, 0.548836, 0.374747, 0.186023, -0.00996457, -0.205563, -0.393135, -0.565354, -0.715495, -0.837695, -0.927182, -0.980461, -0.995452, -0.971569, -0.909745, -0.812395, -0.683319, -0.527559, -0.351197, -0.16112, 0.0352489, 0.230241, 0.416242, 0.585988, 0.732851, 0.851095, 0.936102, 0.984553, 0.994556, 0.965721, 0.899173, 0.797511, 0.664705, 0.505941, 0.32742, 0.136112, -0.0605105, -0.25477, -0.439081, -0.606245, -0.749734, -0.863945, -0.944418, -0.988011, -0.99302, -0.95925, -0.88802, -0.782112, -0.645661, -0.483997, -0.303432, -0.111016, 0.085692, 0.279494, 0.447794, 0.680564, 0.18778
0.0222611, 0.145023, 0.319431, 0.496081, 0.65374, 0.785914, 0.887397, 0.954227, 0.983792, 0.97494, 0.928014, 0.844848, 0.72869, 0.584076, 0.416652, 0.232958, 0.0401667, -0.154193, -0.342532, -0.517494, -0.672248, -0.800749, -0.89798, -0.960144, -0.984813, -0.971023, -0.919314, -0.831704, -0.711615, -0.563737, -0.393844, -0.208571, -0.0151525, 0.178857, 0.365883, 0.53862, 0.690323, 0.815068, 0.907984, 0.965441, 0.985197, 0.96648, 0.91002, 0.818023, 0.694081, 0.543034, 0.370781, 0.184049, -0.00987134, -0.203406, -0.388997, -0.559397, -0.707952, -0.828861, -0.917402, -0.970116, -0.984947, -0.961314, -0.90014, -0.803815, -0.676099, -0.521981, -0.347479, -0.159408, 0.0348889, 0.227823, 0.41186, 0.579814, 0.725125, 0.842119, 0.926227, 0.974165, 0.984061, 0.955527, 0.889679, 0.789087, 0.657681, 0.500592, 0.323953, 0.134664, -0.0598839, -0.252093, -0.434458, -0.599857, -0.74183, -0.854834, -0.934456, -0.977586, -0.982539, -0.949124, -0.878644, -0.773851, -0.638839, -0.478879, -0.300218, -0.109833, 0.0847996, 0.276556, 0.44308, 0.673349, 0.18778
0.0213073, 0.137941, 0.303666, 0.471518, 0.621318, 0.746898, 0.843311, 0.906791, 0.93486, 0.926421, 0.881805, 0.802752, 0.692352, 0.554913, 0.395805, 0.22124, 0.0380358, -0.146654, -0.325617, -0.491864, -0.638903, -0.760993, -0.853364, -0.91241, -0.935826, -0.922696, -0.873534, -0.790259, -0.676123, -0.535584, -0.37413, -0.198065, -0.014266, 0.17009, 0.347805, 0.511937, 0.656077, 0.774596, 0.862867, 0.917441, 0.936188, 0.918376, 0.8647, 0.777256, 0.659459, 0.51591, 0.352213, 0.174762, -0.00951306, -0.193417, -0.369768, -0.531679, -0.672827, -0.7877, -0.871813, -0.92188, -0.935947, -0.913463, -0.855308, -0.763751, -0.642369, -0.495902, -0.330069, -0.151347, 0.033286, 0.216619, 0.391493, 0.551078, 0.689143, 0.800296, 0.880197, 0.925724, 0.935101, 0.907961, 0.845364, 0.749754, 0.624865, 0.475575, 0.307712, 0.127834, -0.0570374, -0.239681, -0.412965, -0.570122, -0.705015, -0.812376, -0.888013, -0.928971, -0.933652, -0.901873, -0.834875, -0.735273, -0.606958, -0.454941, -0.285157, -0.104237, 0.0807134, 0.262926, 0.421156, 0.639965, 0.18778
0.0220568, 0.129305, 0.280589, 0.433561, 0.56993, 0.684079, 0.771516, 0.828823, 0.853764, 0.845364, 0.803952, 0.731144, 0.629784, 0.503831, 0.358202, 0.198584, 0.0312119, -0.137379, -0.300606, -0.452093, -0.585925, -0.696877, -0.780614, -0.833867, -0.854557, -0.841875, -0.796317, -0.719661, -0.614902, -0.48613, -0.338374, -0.177404, -0.00950625, 0.158763, 0.320832, 0.470372, 0.601544, 0.709224, 0.789209, 0.838373, 0.854798, 0.837842, 0.788168, 0.707714, 0.599623, 0.468116, 0.318328, 0.15611, -0.0122055, -0.180044, -0.340851, -0.488348, -0.616774, -0.721114, -0.797294, -0.842338, -0.854488, -0.833269, -0.77951, -0.69531, -0.583957, -0.4498, -0.298077, -0.134714, 0.0339094, 0.201209, 0.360651, 0.506009, 0.631607, 0.732539, 0.804865, 0.84576, 0.853627, 0.828159, 0.77035, 0.682457, 0.567914, 0.431193, 0.277634, 0.113232, -0.0555914, -0.222244, -0.380218, -0.523343, -0.646032, -0.743491, -0.811917, -0.848636, -0.852215, -0.822514, -0.760692, -0.669164, -0.551505, -0.412309, -0.257011, -0.0916764, 0.0772037, 0.243361, 0.388052, 0.572811, 0.18778
0.047042, 0.131976, 0.26023, 0.389397, 0.503691, 0.598349, 0.669641, 0.714783, 0.732012, 0.720654, 0.681154, 0.615054, 0.524935, 0.414317, 0.28752, 0.149494, 0.00563018, -0.138453, -0.27713, -0.404985, -0.517024, -0.608873, -0.676944, -0.71858, -0.732155, -0.717137, -0.674115, -0.604768, -0.511803, -0.398852, -0.270325, -0.131242, 0.0129665, 0.156669, 0.294253, 0.420346, 0.530024, 0.619004, 0.683811, 0.721914, 0.731825, 0.713158, 0.666641, 0.594091, 0.498341, 0.38313, 0.252957, 0.112906, -0.0315547, -0.174783, -0.311185, -0.435436, -0.542681, -0.628735, -0.690236, -0.724782, -0.731024, -0.708719, -0.658737, -0.583031, -0.484557, -0.36716, -0.235425, -0.0944962, 0.0501226, 0.192784, 0.327917, 0.450244, 0.554989, 0.638061, 0.696215, 0.727182, 0.729751, 0.703822, 0.650408, 0.571595, 0.47046, 0.350953, 0.217741, 0.0760259, -0.0686582, -0.210661, -0.344437, -0.464763, -0.566939, -0.646975, -0.701746, -0.729113, -0.728007, -0.698471, -0.641659, -0.55979, -0.45606, -0.33452, -0.199917, -0.0575061, 0.0871204, 0.228605, 0.350923, 0.508359, 0.18778
